0.001	0.000
0.002	0.000
0.003	0.000
0.004	0.000
0.005	0.000
0.006	0.000
0.007	0.000
0.008	0.000
0.009	0.000
0.010	0.000
0.011	0.000
0.012	0.000
0.013	0.000
0.014	0.000
0.015	0.000
0.016	0.000
0.017	0.000
0.018	0.000
0.019	0.000
0.020	0.000
0.021	0.000
0.022	0.000
0.023	0.000
0.024	0.000
0.025	0.000
0.026	0.000
0.027	0.000
0.028	0.000
0.029	0.000
0.030	0.000
0.031	0.000
0.032	0.000
0.033	0.000
0.034	0.000
0.035	0.000
0.036	0.000
0.037	0.000
0.038	0.000
0.039	0.000
0.040	0.000
0.041	0.000
0.042	0.000
0.043	0.000
0.044	0.000
0.045	0.000
0.046	0.000
0.047	0.000
0.048	0.000
0.049	0.000
0.050	0.000
0.051	0.000
0.052	0.001
0.053	0.001
0.054	0.001
0.055	0.001
0.056	0.001
0.057	0.001
0.058	0.001
0.059	0.001
0.060	0.001
0.061	0.001
0.062	0.001
0.063	0.001
0.064	0.001
0.065	0.001
0.066	0.001
0.067	0.001
0.068	0.001
0.069	0.001
0.070	0.001
0.071	0.001
0.072	0.001
0.073	0.001
0.074	0.001
0.075	0.001
0.076	0.001
0.077	0.001
0.078	0.001
0.079	0.001
0.080	0.001
0.081	0.001
0.082	0.001
0.083	0.001
0.084	0.001
0.085	0.001
0.086	0.001
0.087	0.001
0.088	0.001
0.089	0.001
0.090	0.001
0.091	0.001
0.092	0.001
0.093	0.001
0.094	0.002
0.095	0.002
0.096	0.002
0.097	0.002
0.098	0.002
0.099	0.002
0.100	0.002
0.101	0.002
0.102	0.002
0.103	0.002
0.104	0.002
0.105	0.002
0.106	0.002
0.107	0.002
0.108	0.002
0.109	0.002
0.110	0.002
0.111	0.002
0.112	0.002
0.113	0.002
0.114	0.002
0.115	0.002
0.116	0.002
0.117	0.002
0.118	0.002
0.119	0.002
0.120	0.002
0.121	0.002
0.122	0.002
0.123	0.002
0.124	0.002
0.125	0.002
0.126	0.003
0.127	0.003
0.128	0.003
0.129	0.003
0.130	0.003
0.131	0.003
0.132	0.003
0.133	0.003
0.134	0.003
0.135	0.003
0.136	0.003
0.137	0.003
0.138	0.003
0.139	0.003
0.140	0.003
0.141	0.003
0.142	0.003
0.143	0.003
0.144	0.003
0.145	0.003
0.146	0.003
0.147	0.003
0.148	0.003
0.149	0.003
0.150	0.003
0.151	0.003
0.152	0.003
0.153	0.004
0.154	0.004
0.155	0.004
0.156	0.004
0.157	0.004
0.158	0.004
0.159	0.004
0.160	0.004
0.161	0.004
0.162	0.004
0.163	0.004
0.164	0.004
0.165	0.004
0.166	0.004
0.167	0.004
0.168	0.004
0.169	0.004
0.170	0.004
0.171	0.004
0.172	0.004
0.173	0.004
0.174	0.004
0.175	0.004
0.176	0.004
0.177	0.004
0.178	0.005
0.179	0.005
0.180	0.005
0.181	0.005
0.182	0.005
0.183	0.005
0.184	0.005
0.185	0.005
0.186	0.005
0.187	0.005
0.188	0.005
0.189	0.005
0.190	0.005
0.191	0.005
0.192	0.005
0.193	0.005
0.194	0.005
0.195	0.005
0.196	0.005
0.197	0.005
0.198	0.005
0.199	0.005
0.200	0.005
0.201	0.005
0.202	0.006
0.203	0.006
0.204	0.006
0.205	0.006
0.206	0.006
0.207	0.006
0.208	0.006
0.209	0.006
0.210	0.006
0.211	0.006
0.212	0.006
0.213	0.006
0.214	0.006
0.215	0.006
0.216	0.006
0.217	0.006
0.218	0.006
0.219	0.006
0.220	0.006
0.221	0.006
0.222	0.006
0.223	0.006
0.224	0.007
0.225	0.007
0.226	0.007
0.227	0.007
0.228	0.007
0.229	0.007
0.230	0.007
0.231	0.007
0.232	0.007
0.233	0.007
0.234	0.007
0.235	0.007
0.236	0.007
0.237	0.007
0.238	0.007
0.239	0.007
0.240	0.007
0.241	0.007
0.242	0.007
0.243	0.007
0.244	0.007
0.245	0.008
0.246	0.008
0.247	0.008
0.248	0.008
0.249	0.008
0.250	0.008
0.251	0.008
0.252	0.008
0.253	0.008
0.254	0.008
0.255	0.008
0.256	0.008
0.257	0.008
0.258	0.008
0.259	0.008
0.260	0.008
0.261	0.008
0.262	0.008
0.263	0.008
0.264	0.008
0.265	0.009
0.266	0.009
0.267	0.009
0.268	0.009
0.269	0.009
0.270	0.009
0.271	0.009
0.272	0.009
0.273	0.009
0.274	0.009
0.275	0.009
0.276	0.009
0.277	0.009
0.278	0.009
0.279	0.009
0.280	0.009
0.281	0.009
0.282	0.009
0.283	0.009
0.284	0.009
0.285	0.010
0.286	0.010
0.287	0.010
0.288	0.010
0.289	0.010
0.290	0.010
0.291	0.010
0.292	0.010
0.293	0.010
0.294	0.010
0.295	0.010
0.296	0.010
0.297	0.010
0.298	0.010
0.299	0.010
0.300	0.010
0.301	0.010
0.302	0.010
0.303	0.010
0.304	0.011
0.305	0.011
0.306	0.011
0.307	0.011
0.308	0.011
0.309	0.011
0.310	0.011
0.311	0.011
0.312	0.011
0.313	0.011
0.314	0.011
0.315	0.011
0.316	0.011
0.317	0.011
0.318	0.011
0.319	0.011
0.320	0.011
0.321	0.011
0.322	0.011
0.323	0.012
0.324	0.012
0.325	0.012
0.326	0.012
0.327	0.012
0.328	0.012
0.329	0.012
0.330	0.012
0.331	0.012
0.332	0.012
0.333	0.012
0.334	0.012
0.335	0.012
0.336	0.012
0.337	0.012
0.338	0.012
0.339	0.012
0.340	0.012
0.341	0.012
0.342	0.013
0.343	0.013
0.344	0.013
0.345	0.013
0.346	0.013
0.347	0.013
0.348	0.013
0.349	0.013
0.350	0.013
0.351	0.013
0.352	0.013
0.353	0.013
0.354	0.013
0.355	0.013
0.356	0.013
0.357	0.013
0.358	0.013
0.359	0.013
0.360	0.014
0.361	0.014
0.362	0.014
0.363	0.014
0.364	0.014
0.365	0.014
0.366	0.014
0.367	0.014
0.368	0.014
0.369	0.014
0.370	0.014
0.371	0.014
0.372	0.014
0.373	0.014
0.374	0.014
0.375	0.014
0.376	0.014
0.377	0.014
0.378	0.015
0.379	0.015
0.380	0.015
0.381	0.015
0.382	0.015
0.383	0.015
0.384	0.015
0.385	0.015
0.386	0.015
0.387	0.015
0.388	0.015
0.389	0.015
0.390	0.015
0.391	0.015
0.392	0.015
0.393	0.015
0.394	0.015
0.395	0.015
0.396	0.016
0.397	0.016
0.398	0.016
0.399	0.016
0.400	0.016
0.401	0.016
0.402	0.016
0.403	0.016
0.404	0.016
0.405	0.016
0.406	0.016
0.407	0.016
0.408	0.016
0.409	0.016
0.410	0.016
0.411	0.016
0.412	0.016
0.413	0.016
0.414	0.017
0.415	0.017
0.416	0.017
0.417	0.017
0.418	0.017
0.419	0.017
0.420	0.017
0.421	0.017
0.422	0.017
0.423	0.017
0.424	0.017
0.425	0.017
0.426	0.017
0.427	0.017
0.428	0.017
0.429	0.017
0.430	0.017
0.431	0.018
0.432	0.018
0.433	0.018
0.434	0.018
0.435	0.018
0.436	0.018
0.437	0.018
0.438	0.018
0.439	0.018
0.440	0.018
0.441	0.018
0.442	0.018
0.443	0.018
0.444	0.018
0.445	0.018
0.446	0.018
0.447	0.018
0.448	0.019
0.449	0.019
0.450	0.019
0.451	0.019
0.452	0.019
0.453	0.019
0.454	0.019
0.455	0.019
0.456	0.019
0.457	0.019
0.458	0.019
0.459	0.019
0.460	0.019
0.461	0.019
0.462	0.019
0.463	0.019
0.464	0.019
0.465	0.019
0.466	0.020
0.467	0.020
0.468	0.020
0.469	0.020
0.470	0.020
0.471	0.020
0.472	0.020
0.473	0.020
0.474	0.020
0.475	0.020
0.476	0.020
0.477	0.020
0.478	0.020
0.479	0.020
0.480	0.020
0.481	0.020
0.482	0.020
0.483	0.021
0.484	0.021
0.485	0.021
0.486	0.021
0.487	0.021
0.488	0.021
0.489	0.021
0.490	0.021
0.491	0.021
0.492	0.021
0.493	0.021
0.494	0.021
0.495	0.021
0.496	0.021
0.497	0.021
0.498	0.021
0.499	0.021
0.500	0.022
0.501	0.022
0.502	0.022
0.503	0.022
0.504	0.022
0.505	0.022
0.506	0.022
0.507	0.022
0.508	0.022
0.509	0.022
0.510	0.022
0.511	0.022
0.512	0.022
0.513	0.022
0.514	0.022
0.515	0.022
0.516	0.022
0.517	0.023
0.518	0.023
0.519	0.023
0.520	0.023
0.521	0.023
0.522	0.023
0.523	0.023
0.524	0.023
0.525	0.023
0.526	0.023
0.527	0.023
0.528	0.023
0.529	0.023
0.530	0.023
0.531	0.023
0.532	0.023
0.533	0.023
0.534	0.024
0.535	0.024
0.536	0.024
0.537	0.024
0.538	0.024
0.539	0.024
0.540	0.024
0.541	0.024
0.542	0.024
0.543	0.024
0.544	0.024
0.545	0.024
0.546	0.024
0.547	0.024
0.548	0.024
0.549	0.024
0.550	0.024
0.551	0.025
0.552	0.025
0.553	0.025
0.554	0.025
0.555	0.025
0.556	0.025
0.557	0.025
0.558	0.025
0.559	0.025
0.560	0.025
0.561	0.025
0.562	0.025
0.563	0.025
0.564	0.025
0.565	0.025
0.566	0.025
0.567	0.025
0.568	0.026
0.569	0.026
0.570	0.026
0.571	0.026
0.572	0.026
0.573	0.026
0.574	0.026
0.575	0.026
0.576	0.026
0.577	0.026
0.578	0.026
0.579	0.026
0.580	0.026
0.581	0.026
0.582	0.026
0.583	0.026
0.584	0.027
0.585	0.027
0.586	0.027
0.587	0.027
0.588	0.027
0.589	0.027
0.590	0.027
0.591	0.027
0.592	0.027
0.593	0.027
0.594	0.027
0.595	0.027
0.596	0.027
0.597	0.027
0.598	0.027
0.599	0.027
0.600	0.027
0.601	0.028
0.602	0.028
0.603	0.028
0.604	0.028
0.605	0.028
0.606	0.028
0.607	0.028
0.608	0.028
0.609	0.028
0.610	0.028
0.611	0.028
0.612	0.028
0.613	0.028
0.614	0.028
0.615	0.028
0.616	0.028
0.617	0.028
0.618	0.029
0.619	0.029
0.620	0.029
0.621	0.029
0.622	0.029
0.623	0.029
0.624	0.029
0.625	0.029
0.626	0.029
0.627	0.029
0.628	0.029
0.629	0.029
0.630	0.029
0.631	0.029
0.632	0.029
0.633	0.029
0.634	0.030
0.635	0.030
0.636	0.030
0.637	0.030
0.638	0.030
0.639	0.030
0.640	0.030
0.641	0.030
0.642	0.030
0.643	0.030
0.644	0.030
0.645	0.030
0.646	0.030
0.647	0.030
0.648	0.030
0.649	0.030
0.650	0.030
0.651	0.031
0.652	0.031
0.653	0.031
0.654	0.031
0.655	0.031
0.656	0.031
0.657	0.031
0.658	0.031
0.659	0.031
0.660	0.031
0.661	0.031
0.662	0.031
0.663	0.031
0.664	0.031
0.665	0.031
0.666	0.031
0.667	0.031
0.668	0.032
0.669	0.032
0.670	0.032
0.671	0.032
0.672	0.032
0.673	0.032
0.674	0.032
0.675	0.032
0.676	0.032
0.677	0.032
0.678	0.032
0.679	0.032
0.680	0.032
0.681	0.032
0.682	0.032
0.683	0.032
0.684	0.033
0.685	0.033
0.686	0.033
0.687	0.033
0.688	0.033
0.689	0.033
0.690	0.033
0.691	0.033
0.692	0.033
0.693	0.033
0.694	0.033
0.695	0.033
0.696	0.033
0.697	0.033
0.698	0.033
0.699	0.033
0.700	0.033
0.701	0.034
0.702	0.034
0.703	0.034
0.704	0.034
0.705	0.034
0.706	0.034
0.707	0.034
0.708	0.034
0.709	0.034
0.710	0.034
0.711	0.034
0.712	0.034
0.713	0.034
0.714	0.034
0.715	0.034
0.716	0.034
0.717	0.035
0.718	0.035
0.719	0.035
0.720	0.035
0.721	0.035
0.722	0.035
0.723	0.035
0.724	0.035
0.725	0.035
0.726	0.035
0.727	0.035
0.728	0.035
0.729	0.035
0.730	0.035
0.731	0.035
0.732	0.035
0.733	0.035
0.734	0.036
0.735	0.036
0.736	0.036
0.737	0.036
0.738	0.036
0.739	0.036
0.740	0.036
0.741	0.036
0.742	0.036
0.743	0.036
0.744	0.036
0.745	0.036
0.746	0.036
0.747	0.036
0.748	0.036
0.749	0.036
0.750	0.037
0.751	0.037
0.752	0.037
0.753	0.037
0.754	0.037
0.755	0.037
0.756	0.037
0.757	0.037
0.758	0.037
0.759	0.037
0.760	0.037
0.761	0.037
0.762	0.037
0.763	0.037
0.764	0.037
0.765	0.037
0.766	0.037
0.767	0.038
0.768	0.038
0.769	0.038
0.770	0.038
0.771	0.038
0.772	0.038
0.773	0.038
0.774	0.038
0.775	0.038
0.776	0.038
0.777	0.038
0.778	0.038
0.779	0.038
0.780	0.038
0.781	0.038
0.782	0.038
0.783	0.039
0.784	0.039
0.785	0.039
0.786	0.039
0.787	0.039
0.788	0.039
0.789	0.039
0.790	0.039
0.791	0.039
0.792	0.039
0.793	0.039
0.794	0.039
0.795	0.039
0.796	0.039
0.797	0.039
0.798	0.039
0.799	0.039
0.800	0.040
0.801	0.040
0.802	0.040
0.803	0.040
0.804	0.040
0.805	0.040
0.806	0.040
0.807	0.040
0.808	0.040
0.809	0.040
0.810	0.040
0.811	0.040
0.812	0.040
0.813	0.040
0.814	0.040
0.815	0.040
0.816	0.041
0.817	0.041
0.818	0.041
0.819	0.041
0.820	0.041
0.821	0.041
0.822	0.041
0.823	0.041
0.824	0.041
0.825	0.041
0.826	0.041
0.827	0.041
0.828	0.041
0.829	0.041
0.830	0.041
0.831	0.041
0.832	0.041
0.833	0.042
0.834	0.042
0.835	0.042
0.836	0.042
0.837	0.042
0.838	0.042
0.839	0.042
0.840	0.042
0.841	0.042
0.842	0.042
0.843	0.042
0.844	0.042
0.845	0.042
0.846	0.042
0.847	0.042
0.848	0.042
0.849	0.043
0.850	0.043
0.851	0.043
0.852	0.043
0.853	0.043
0.854	0.043
0.855	0.043
0.856	0.043
0.857	0.043
0.858	0.043
0.859	0.043
0.860	0.043
0.861	0.043
0.862	0.043
0.863	0.043
0.864	0.043
0.865	0.043
0.866	0.044
0.867	0.044
0.868	0.044
0.869	0.044
0.870	0.044
0.871	0.044
0.872	0.044
0.873	0.044
0.874	0.044
0.875	0.044
0.876	0.044
0.877	0.044
0.878	0.044
0.879	0.044
0.880	0.044
0.881	0.044
0.882	0.045
0.883	0.045
0.884	0.045
0.885	0.045
0.886	0.045
0.887	0.045
0.888	0.045
0.889	0.045
0.890	0.045
0.891	0.045
0.892	0.045
0.893	0.045
0.894	0.045
0.895	0.045
0.896	0.045
0.897	0.045
0.898	0.045
0.899	0.046
0.900	0.046
0.901	0.046
0.902	0.046
0.903	0.046
0.904	0.046
0.905	0.046
0.906	0.046
0.907	0.046
0.908	0.046
0.909	0.046
0.910	0.046
0.911	0.046
0.912	0.046
0.913	0.046
0.914	0.046
0.915	0.047
0.916	0.047
0.917	0.047
0.918	0.047
0.919	0.047
0.920	0.047
0.921	0.047
0.922	0.047
0.923	0.047
0.924	0.047
0.925	0.047
0.926	0.047
0.927	0.047
0.928	0.047
0.929	0.047
0.930	0.047
0.931	0.047
0.932	0.048
0.933	0.048
0.934	0.048
0.935	0.048
0.936	0.048
0.937	0.048
0.938	0.048
0.939	0.048
0.940	0.048
0.941	0.048
0.942	0.048
0.943	0.048
0.944	0.048
0.945	0.048
0.946	0.048
0.947	0.048
0.948	0.049
0.949	0.049
0.950	0.049
0.951	0.049
0.952	0.049
0.953	0.049
0.954	0.049
0.955	0.049
0.956	0.049
0.957	0.049
0.958	0.049
0.959	0.049
0.960	0.049
0.961	0.049
0.962	0.049
0.963	0.049
0.964	0.050
0.965	0.050
0.966	0.050
0.967	0.050
0.968	0.050
0.969	0.050
0.970	0.050
0.971	0.050
0.972	0.050
0.973	0.050
0.974	0.050
0.975	0.050
0.976	0.050
0.977	0.050
0.978	0.050
0.979	0.050
0.980	0.050
0.981	0.051
0.982	0.051
0.983	0.051
0.984	0.051
0.985	0.051
0.986	0.051
0.987	0.051
0.988	0.051
0.989	0.051
0.990	0.051
0.991	0.051
0.992	0.051
0.993	0.051
0.994	0.051
0.995	0.051
0.996	0.051
0.997	0.052
0.998	0.052
0.999	0.052
1.000	0.052
1.001	0.052
1.002	0.052
1.003	0.052
1.004	0.052
1.005	0.052
1.006	0.052
1.007	0.052
1.008	0.052
1.009	0.052
1.010	0.052
1.011	0.052
1.012	0.052
1.013	0.052
1.014	0.053
1.015	0.053
1.016	0.053
1.017	0.053
1.018	0.053
1.019	0.053
1.020	0.053
1.021	0.053
1.022	0.053
1.023	0.053
1.024	0.053
1.025	0.053
1.026	0.053
1.027	0.053
1.028	0.053
1.029	0.053
1.030	0.054
1.031	0.054
1.032	0.054
1.033	0.054
1.034	0.054
1.035	0.054
1.036	0.054
1.037	0.054
1.038	0.054
1.039	0.054
1.040	0.054
1.041	0.054
1.042	0.054
1.043	0.054
1.044	0.054
1.045	0.054
1.046	0.054
1.047	0.055
1.048	0.055
1.049	0.055
1.050	0.055
1.051	0.055
1.052	0.055
1.053	0.055
1.054	0.055
1.055	0.055
1.056	0.055
1.057	0.055
1.058	0.055
1.059	0.055
1.060	0.055
1.061	0.055
1.062	0.055
1.063	0.056
1.064	0.056
1.065	0.056
1.066	0.056
1.067	0.056
1.068	0.056
1.069	0.056
1.070	0.056
1.071	0.056
1.072	0.056
1.073	0.056
1.074	0.056
1.075	0.056
1.076	0.056
1.077	0.056
1.078	0.056
1.079	0.056
1.080	0.057
1.081	0.057
1.082	0.057
1.083	0.057
1.084	0.057
1.085	0.057
1.086	0.057
1.087	0.057
1.088	0.057
1.089	0.057
1.090	0.057
1.091	0.057
1.092	0.057
1.093	0.057
1.094	0.057
1.095	0.057
1.096	0.058
1.097	0.058
1.098	0.058
1.099	0.058
1.100	0.058
1.101	0.058
1.102	0.058
1.103	0.058
1.104	0.058
1.105	0.058
1.106	0.058
1.107	0.058
1.108	0.058
1.109	0.058
1.110	0.058
1.111	0.058
1.112	0.058
1.113	0.059
1.114	0.059
1.115	0.059
1.116	0.059
1.117	0.059
1.118	0.059
1.119	0.059
1.120	0.059
1.121	0.059
1.122	0.059
1.123	0.059
1.124	0.059
1.125	0.059
1.126	0.059
1.127	0.059
1.128	0.059
1.129	0.060
1.130	0.060
1.131	0.060
1.132	0.060
1.133	0.060
1.134	0.060
1.135	0.060
1.136	0.060
1.137	0.060
1.138	0.060
1.139	0.060
1.140	0.060
1.141	0.060
1.142	0.060
1.143	0.060
1.144	0.060
1.145	0.060
1.146	0.061
1.147	0.061
1.148	0.061
1.149	0.061
1.150	0.061
1.151	0.061
1.152	0.061
1.153	0.061
1.154	0.061
1.155	0.061
1.156	0.061
1.157	0.061
1.158	0.061
1.159	0.061
1.160	0.061
1.161	0.061
1.162	0.062
1.163	0.062
1.164	0.062
1.165	0.062
1.166	0.062
1.167	0.062
1.168	0.062
1.169	0.062
1.170	0.062
1.171	0.062
1.172	0.062
1.173	0.062
1.174	0.062
1.175	0.062
1.176	0.062
1.177	0.062
1.178	0.063
1.179	0.063
1.180	0.063
1.181	0.063
1.182	0.063
1.183	0.063
1.184	0.063
1.185	0.063
1.186	0.063
1.187	0.063
1.188	0.063
1.189	0.063
1.190	0.063
1.191	0.063
1.192	0.063
1.193	0.063
1.194	0.063
1.195	0.064
1.196	0.064
1.197	0.064
1.198	0.064
1.199	0.064
1.200	0.064
1.201	0.064
1.202	0.064
1.203	0.064
1.204	0.064
1.205	0.064
1.206	0.064
1.207	0.064
1.208	0.064
1.209	0.064
1.210	0.064
1.211	0.065
1.212	0.065
1.213	0.065
1.214	0.065
1.215	0.065
1.216	0.065
1.217	0.065
1.218	0.065
1.219	0.065
1.220	0.065
1.221	0.065
1.222	0.065
1.223	0.065
1.224	0.065
1.225	0.065
1.226	0.065
1.227	0.065
1.228	0.066
1.229	0.066
1.230	0.066
1.231	0.066
1.232	0.066
1.233	0.066
1.234	0.066
1.235	0.066
1.236	0.066
1.237	0.066
1.238	0.066
1.239	0.066
1.240	0.066
1.241	0.066
1.242	0.066
1.243	0.066
1.244	0.067
1.245	0.067
1.246	0.067
1.247	0.067
1.248	0.067
1.249	0.067
1.250	0.067
1.251	0.067
1.252	0.067
1.253	0.067
1.254	0.067
1.255	0.067
1.256	0.067
1.257	0.067
1.258	0.067
1.259	0.067
1.260	0.067
1.261	0.068
1.262	0.068
1.263	0.068
1.264	0.068
1.265	0.068
1.266	0.068
1.267	0.068
1.268	0.068
1.269	0.068
1.270	0.068
1.271	0.068
1.272	0.068
1.273	0.068
1.274	0.068
1.275	0.068
1.276	0.068
1.277	0.069
1.278	0.069
1.279	0.069
1.280	0.069
1.281	0.069
1.282	0.069
1.283	0.069
1.284	0.069
1.285	0.069
1.286	0.069
1.287	0.069
1.288	0.069
1.289	0.069
1.290	0.069
1.291	0.069
1.292	0.069
1.293	0.069
1.294	0.070
1.295	0.070
1.296	0.070
1.297	0.070
1.298	0.070
1.299	0.070
1.300	0.070
1.301	0.070
1.302	0.070
1.303	0.070
1.304	0.070
1.305	0.070
1.306	0.070
1.307	0.070
1.308	0.070
1.309	0.070
1.310	0.071
1.311	0.071
1.312	0.071
1.313	0.071
1.314	0.071
1.315	0.071
1.316	0.071
1.317	0.071
1.318	0.071
1.319	0.071
1.320	0.071
1.321	0.071
1.322	0.071
1.323	0.071
1.324	0.071
1.325	0.071
1.326	0.071
1.327	0.072
1.328	0.072
1.329	0.072
1.330	0.072
1.331	0.072
1.332	0.072
1.333	0.072
1.334	0.072
1.335	0.072
1.336	0.072
1.337	0.072
1.338	0.072
1.339	0.072
1.340	0.072
1.341	0.072
1.342	0.072
1.343	0.073
1.344	0.073
1.345	0.073
1.346	0.073
1.347	0.073
1.348	0.073
1.349	0.073
1.350	0.073
1.351	0.073
1.352	0.073
1.353	0.073
1.354	0.073
1.355	0.073
1.356	0.073
1.357	0.073
1.358	0.073
1.359	0.073
1.360	0.074
1.361	0.074
1.362	0.074
1.363	0.074
1.364	0.074
1.365	0.074
1.366	0.074
1.367	0.074
1.368	0.074
1.369	0.074
1.370	0.074
1.371	0.074
1.372	0.074
1.373	0.074
1.374	0.074
1.375	0.074
1.376	0.075
1.377	0.075
1.378	0.075
1.379	0.075
1.380	0.075
1.381	0.075
1.382	0.075
1.383	0.075
1.384	0.075
1.385	0.075
1.386	0.075
1.387	0.075
1.388	0.075
1.389	0.075
1.390	0.075
1.391	0.075
1.392	0.075
1.393	0.076
1.394	0.076
1.395	0.076
1.396	0.076
1.397	0.076
1.398	0.076
1.399	0.076
1.400	0.076
1.401	0.076
1.402	0.076
1.403	0.076
1.404	0.076
1.405	0.076
1.406	0.076
1.407	0.076
1.408	0.076
1.409	0.077
1.410	0.077
1.411	0.077
1.412	0.077
1.413	0.077
1.414	0.077
1.415	0.077
1.416	0.077
1.417	0.077
1.418	0.077
1.419	0.077
1.420	0.077
1.421	0.077
1.422	0.077
1.423	0.077
1.424	0.077
1.425	0.077
1.426	0.078
1.427	0.078
1.428	0.078
1.429	0.078
1.430	0.078
1.431	0.078
1.432	0.078
1.433	0.078
1.434	0.078
1.435	0.078
1.436	0.078
1.437	0.078
1.438	0.078
1.439	0.078
1.440	0.078
1.441	0.078
1.442	0.079
1.443	0.079
1.444	0.079
1.445	0.079
1.446	0.079
1.447	0.079
1.448	0.079
1.449	0.079
1.450	0.079
1.451	0.079
1.452	0.079
1.453	0.079
1.454	0.079
1.455	0.079
1.456	0.079
1.457	0.079
1.458	0.079
1.459	0.080
1.460	0.080
1.461	0.080
1.462	0.080
1.463	0.080
1.464	0.080
1.465	0.080
1.466	0.080
1.467	0.080
1.468	0.080
1.469	0.080
1.470	0.080
1.471	0.080
1.472	0.080
1.473	0.080
1.474	0.080
1.475	0.080
1.476	0.081
1.477	0.081
1.478	0.081
1.479	0.081
1.480	0.081
1.481	0.081
1.482	0.081
1.483	0.081
1.484	0.081
1.485	0.081
1.486	0.081
1.487	0.081
1.488	0.081
1.489	0.081
1.490	0.081
1.491	0.081
1.492	0.082
1.493	0.082
1.494	0.082
1.495	0.082
1.496	0.082
1.497	0.082
1.498	0.082
1.499	0.082
1.500	0.082
1.501	0.082
1.502	0.082
1.503	0.082
1.504	0.082
1.505	0.082
1.506	0.082
1.507	0.082
1.508	0.082
1.509	0.083
1.510	0.083
1.511	0.083
1.512	0.083
1.513	0.083
1.514	0.083
1.515	0.083
1.516	0.083
1.517	0.083
1.518	0.083
1.519	0.083
1.520	0.083
1.521	0.083
1.522	0.083
1.523	0.083
1.524	0.083
1.525	0.084
1.526	0.084
1.527	0.084
1.528	0.084
1.529	0.084
1.530	0.084
1.531	0.084
1.532	0.084
1.533	0.084
1.534	0.084
1.535	0.084
1.536	0.084
1.537	0.084
1.538	0.084
1.539	0.084
1.540	0.084
1.541	0.084
1.542	0.085
1.543	0.085
1.544	0.085
1.545	0.085
1.546	0.085
1.547	0.085
1.548	0.085
1.549	0.085
1.550	0.085
1.551	0.085
1.552	0.085
1.553	0.085
1.554	0.085
1.555	0.085
1.556	0.085
1.557	0.085
1.558	0.086
1.559	0.086
1.560	0.086
1.561	0.086
1.562	0.086
1.563	0.086
1.564	0.086
1.565	0.086
1.566	0.086
1.567	0.086
1.568	0.086
1.569	0.086
1.570	0.086
1.571	0.086
1.572	0.086
1.573	0.086
1.574	0.086
1.575	0.087
1.576	0.087
1.577	0.087
1.578	0.087
1.579	0.087
1.580	0.087
1.581	0.087
1.582	0.087
1.583	0.087
1.584	0.087
1.585	0.087
1.586	0.087
1.587	0.087
1.588	0.087
1.589	0.087
1.590	0.087
1.591	0.088
1.592	0.088
1.593	0.088
1.594	0.088
1.595	0.088
1.596	0.088
1.597	0.088
1.598	0.088
1.599	0.088
1.600	0.088
1.601	0.088
1.602	0.088
1.603	0.088
1.604	0.088
1.605	0.088
1.606	0.088
1.607	0.088
1.608	0.089
1.609	0.089
1.610	0.089
1.611	0.089
1.612	0.089
1.613	0.089
1.614	0.089
1.615	0.089
1.616	0.089
1.617	0.089
1.618	0.089
1.619	0.089
1.620	0.089
1.621	0.089
1.622	0.089
1.623	0.089
1.624	0.090
1.625	0.090
1.626	0.090
1.627	0.090
1.628	0.090
1.629	0.090
1.630	0.090
1.631	0.090
1.632	0.090
1.633	0.090
1.634	0.090
1.635	0.090
1.636	0.090
1.637	0.090
1.638	0.090
1.639	0.090
1.640	0.090
1.641	0.091
1.642	0.091
1.643	0.091
1.644	0.091
1.645	0.091
1.646	0.091
1.647	0.091
1.648	0.091
1.649	0.091
1.650	0.091
1.651	0.091
1.652	0.091
1.653	0.091
1.654	0.091
1.655	0.091
1.656	0.091
1.657	0.092
1.658	0.092
1.659	0.092
1.660	0.092
1.661	0.092
1.662	0.092
1.663	0.092
1.664	0.092
1.665	0.092
1.666	0.092
1.667	0.092
1.668	0.092
1.669	0.092
1.670	0.092
1.671	0.092
1.672	0.092
1.673	0.092
1.674	0.093
1.675	0.093
1.676	0.093
1.677	0.093
1.678	0.093
1.679	0.093
1.680	0.093
1.681	0.093
1.682	0.093
1.683	0.093
1.684	0.093
1.685	0.093
1.686	0.093
1.687	0.093
1.688	0.093
1.689	0.093
1.690	0.093
1.691	0.094
1.692	0.094
1.693	0.094
1.694	0.094
1.695	0.094
1.696	0.094
1.697	0.094
1.698	0.094
1.699	0.094
1.700	0.094
1.701	0.094
1.702	0.094
1.703	0.094
1.704	0.094
1.705	0.094
1.706	0.094
1.707	0.095
1.708	0.095
1.709	0.095
1.710	0.095
1.711	0.095
1.712	0.095
1.713	0.095
1.714	0.095
1.715	0.095
1.716	0.095
1.717	0.095
1.718	0.095
1.719	0.095
1.720	0.095
1.721	0.095
1.722	0.095
1.723	0.095
1.724	0.096
1.725	0.096
1.726	0.096
1.727	0.096
1.728	0.096
1.729	0.096
1.730	0.096
1.731	0.096
1.732	0.096
1.733	0.096
1.734	0.096
1.735	0.096
1.736	0.096
1.737	0.096
1.738	0.096
1.739	0.096
1.740	0.097
1.741	0.097
1.742	0.097
1.743	0.097
1.744	0.097
1.745	0.097
1.746	0.097
1.747	0.097
1.748	0.097
1.749	0.097
1.750	0.097
1.751	0.097
1.752	0.097
1.753	0.097
1.754	0.097
1.755	0.097
1.756	0.097
1.757	0.098
1.758	0.098
1.759	0.098
1.760	0.098
1.761	0.098
1.762	0.098
1.763	0.098
1.764	0.098
1.765	0.098
1.766	0.098
1.767	0.098
1.768	0.098
1.769	0.098
1.770	0.098
1.771	0.098
1.772	0.098
1.773	0.099
1.774	0.099
1.775	0.099
1.776	0.099
1.777	0.099
1.778	0.099
1.779	0.099
1.780	0.099
1.781	0.099
1.782	0.099
1.783	0.099
1.784	0.099
1.785	0.099
1.786	0.099
1.787	0.099
1.788	0.099
1.789	0.099
1.790	0.100
1.791	0.100
1.792	0.100
1.793	0.100
1.794	0.100
1.795	0.100
1.796	0.100
1.797	0.100
1.798	0.100
1.799	0.100
1.800	0.100
1.801	0.100
1.802	0.100
1.803	0.100
1.804	0.100
1.805	0.100
1.806	0.101
1.807	0.101
1.808	0.101
1.809	0.101
1.810	0.101
1.811	0.101
1.812	0.101
1.813	0.101
1.814	0.101
1.815	0.101
1.816	0.101
1.817	0.101
1.818	0.101
1.819	0.101
1.820	0.101
1.821	0.101
1.822	0.101
1.823	0.102
1.824	0.102
1.825	0.102
1.826	0.102
1.827	0.102
1.828	0.102
1.829	0.102
1.830	0.102
1.831	0.102
1.832	0.102
1.833	0.102
1.834	0.102
1.835	0.102
1.836	0.102
1.837	0.102
1.838	0.102
1.839	0.102
1.840	0.103
1.841	0.103
1.842	0.103
1.843	0.103
1.844	0.103
1.845	0.103
1.846	0.103
1.847	0.103
1.848	0.103
1.849	0.103
1.850	0.103
1.851	0.103
1.852	0.103
1.853	0.103
1.854	0.103
1.855	0.103
1.856	0.104
1.857	0.104
1.858	0.104
1.859	0.104
1.860	0.104
1.861	0.104
1.862	0.104
1.863	0.104
1.864	0.104
1.865	0.104
1.866	0.104
1.867	0.104
1.868	0.104
1.869	0.104
1.870	0.104
1.871	0.104
1.872	0.104
1.873	0.105
1.874	0.105
1.875	0.105
1.876	0.105
1.877	0.105
1.878	0.105
1.879	0.105
1.880	0.105
1.881	0.105
1.882	0.105
1.883	0.105
1.884	0.105
1.885	0.105
1.886	0.105
1.887	0.105
1.888	0.105
1.889	0.106
1.890	0.106
1.891	0.106
1.892	0.106
1.893	0.106
1.894	0.106
1.895	0.106
1.896	0.106
1.897	0.106
1.898	0.106
1.899	0.106
1.900	0.106
1.901	0.106
1.902	0.106
1.903	0.106
1.904	0.106
1.905	0.106
1.906	0.107
1.907	0.107
1.908	0.107
1.909	0.107
1.910	0.107
1.911	0.107
1.912	0.107
1.913	0.107
1.914	0.107
1.915	0.107
1.916	0.107
1.917	0.107
1.918	0.107
1.919	0.107
1.920	0.107
1.921	0.107
1.922	0.108
1.923	0.108
1.924	0.108
1.925	0.108
1.926	0.108
1.927	0.108
1.928	0.108
1.929	0.108
1.930	0.108
1.931	0.108
1.932	0.108
1.933	0.108
1.934	0.108
1.935	0.108
1.936	0.108
1.937	0.108
1.938	0.108
1.939	0.109
1.940	0.109
1.941	0.109
1.942	0.109
1.943	0.109
1.944	0.109
1.945	0.109
1.946	0.109
1.947	0.109
1.948	0.109
1.949	0.109
1.950	0.109
1.951	0.109
1.952	0.109
1.953	0.109
1.954	0.109
1.955	0.109
1.956	0.110
1.957	0.110
1.958	0.110
1.959	0.110
1.960	0.110
1.961	0.110
1.962	0.110
1.963	0.110
1.964	0.110
1.965	0.110
1.966	0.110
1.967	0.110
1.968	0.110
1.969	0.110
1.970	0.110
1.971	0.110
1.972	0.111
1.973	0.111
1.974	0.111
1.975	0.111
1.976	0.111
1.977	0.111
1.978	0.111
1.979	0.111
1.980	0.111
1.981	0.111
1.982	0.111
1.983	0.111
1.984	0.111
1.985	0.111
1.986	0.111
1.987	0.111
1.988	0.111
1.989	0.112
1.990	0.112
1.991	0.112
1.992	0.112
1.993	0.112
1.994	0.112
1.995	0.112
1.996	0.112
1.997	0.112
1.998	0.112
1.999	0.112
2.000	0.112
2.001	0.112
2.002	0.112
2.003	0.112
2.004	0.112
2.005	0.113
2.006	0.113
2.007	0.113
2.008	0.113
2.009	0.113
2.010	0.113
2.011	0.113
2.012	0.113
2.013	0.113
2.014	0.113
2.015	0.113
2.016	0.113
2.017	0.113
2.018	0.113
2.019	0.113
2.020	0.113
2.021	0.113
2.022	0.114
2.023	0.114
2.024	0.114
2.025	0.114
2.026	0.114
2.027	0.114
2.028	0.114
2.029	0.114
2.030	0.114
2.031	0.114
2.032	0.114
2.033	0.114
2.034	0.114
2.035	0.114
2.036	0.114
2.037	0.114
2.038	0.115
2.039	0.115
2.040	0.115
2.041	0.115
2.042	0.115
2.043	0.115
2.044	0.115
2.045	0.115
2.046	0.115
2.047	0.115
2.048	0.115
2.049	0.115
2.050	0.115
2.051	0.115
2.052	0.115
2.053	0.115
2.054	0.115
2.055	0.116
2.056	0.116
2.057	0.116
2.058	0.116
2.059	0.116
2.060	0.116
2.061	0.116
2.062	0.116
2.063	0.116
2.064	0.116
2.065	0.116
2.066	0.116
2.067	0.116
2.068	0.116
2.069	0.116
2.070	0.116
2.071	0.116
2.072	0.117
2.073	0.117
2.074	0.117
2.075	0.117
2.076	0.117
2.077	0.117
2.078	0.117
2.079	0.117
2.080	0.117
2.081	0.117
2.082	0.117
2.083	0.117
2.084	0.117
2.085	0.117
2.086	0.117
2.087	0.117
2.088	0.118
2.089	0.118
2.090	0.118
2.091	0.118
2.092	0.118
2.093	0.118
2.094	0.118
2.095	0.118
2.096	0.118
2.097	0.118
2.098	0.118
2.099	0.118
2.100	0.118
2.101	0.118
2.102	0.118
2.103	0.118
2.104	0.118
2.105	0.119
2.106	0.119
2.107	0.119
2.108	0.119
2.109	0.119
2.110	0.119
2.111	0.119
2.112	0.119
2.113	0.119
2.114	0.119
2.115	0.119
2.116	0.119
2.117	0.119
2.118	0.119
2.119	0.119
2.120	0.119
2.121	0.120
2.122	0.120
2.123	0.120
2.124	0.120
2.125	0.120
2.126	0.120
2.127	0.120
2.128	0.120
2.129	0.120
2.130	0.120
2.131	0.120
2.132	0.120
2.133	0.120
2.134	0.120
2.135	0.120
2.136	0.120
2.137	0.120
2.138	0.121
2.139	0.121
2.140	0.121
2.141	0.121
2.142	0.121
2.143	0.121
2.144	0.121
2.145	0.121
2.146	0.121
2.147	0.121
2.148	0.121
2.149	0.121
2.150	0.121
2.151	0.121
2.152	0.121
2.153	0.121
2.154	0.121
2.155	0.122
2.156	0.122
2.157	0.122
2.158	0.122
2.159	0.122
2.160	0.122
2.161	0.122
2.162	0.122
2.163	0.122
2.164	0.122
2.165	0.122
2.166	0.122
2.167	0.122
2.168	0.122
2.169	0.122
2.170	0.122
2.171	0.123
2.172	0.123
2.173	0.123
2.174	0.123
2.175	0.123
2.176	0.123
2.177	0.123
2.178	0.123
2.179	0.123
2.180	0.123
2.181	0.123
2.182	0.123
2.183	0.123
2.184	0.123
2.185	0.123
2.186	0.123
2.187	0.123
2.188	0.124
2.189	0.124
2.190	0.124
2.191	0.124
2.192	0.124
2.193	0.124
2.194	0.124
2.195	0.124
2.196	0.124
2.197	0.124
2.198	0.124
2.199	0.124
2.200	0.124
2.201	0.124
2.202	0.124
2.203	0.124
2.204	0.125
2.205	0.125
2.206	0.125
2.207	0.125
2.208	0.125
2.209	0.125
2.210	0.125
2.211	0.125
2.212	0.125
2.213	0.125
2.214	0.125
2.215	0.125
2.216	0.125
2.217	0.125
2.218	0.125
2.219	0.125
2.220	0.125
2.221	0.126
2.222	0.126
2.223	0.126
2.224	0.126
2.225	0.126
2.226	0.126
2.227	0.126
2.228	0.126
2.229	0.126
2.230	0.126
2.231	0.126
2.232	0.126
2.233	0.126
2.234	0.126
2.235	0.126
2.236	0.126
2.237	0.126
2.238	0.127
2.239	0.127
2.240	0.127
2.241	0.127
2.242	0.127
2.243	0.127
2.244	0.127
2.245	0.127
2.246	0.127
2.247	0.127
2.248	0.127
2.249	0.127
2.250	0.127
2.251	0.127
2.252	0.127
2.253	0.127
2.254	0.128
2.255	0.128
2.256	0.128
2.257	0.128
2.258	0.128
2.259	0.128
2.260	0.128
2.261	0.128
2.262	0.128
2.263	0.128
2.264	0.128
2.265	0.128
2.266	0.128
2.267	0.128
2.268	0.128
2.269	0.128
2.270	0.128
2.271	0.129
2.272	0.129
2.273	0.129
2.274	0.129
2.275	0.129
2.276	0.129
2.277	0.129
2.278	0.129
2.279	0.129
2.280	0.129
2.281	0.129
2.282	0.129
2.283	0.129
2.284	0.129
2.285	0.129
2.286	0.129
2.287	0.130
2.288	0.130
2.289	0.130
2.290	0.130
2.291	0.130
2.292	0.130
2.293	0.130
2.294	0.130
2.295	0.130
2.296	0.130
2.297	0.130
2.298	0.130
2.299	0.130
2.300	0.130
2.301	0.130
2.302	0.130
2.303	0.130
2.304	0.131
2.305	0.131
2.306	0.131
2.307	0.131
2.308	0.131
2.309	0.131
2.310	0.131
2.311	0.131
2.312	0.131
2.313	0.131
2.314	0.131
2.315	0.131
2.316	0.131
2.317	0.131
2.318	0.131
2.319	0.131
2.320	0.131
2.321	0.132
2.322	0.132
2.323	0.132
2.324	0.132
2.325	0.132
2.326	0.132
2.327	0.132
2.328	0.132
2.329	0.132
2.330	0.132
2.331	0.132
2.332	0.132
2.333	0.132
2.334	0.132
2.335	0.132
2.336	0.132
2.337	0.133
2.338	0.133
2.339	0.133
2.340	0.133
2.341	0.133
2.342	0.133
2.343	0.133
2.344	0.133
2.345	0.133
2.346	0.133
2.347	0.133
2.348	0.133
2.349	0.133
2.350	0.133
2.351	0.133
2.352	0.133
2.353	0.133
2.354	0.134
2.355	0.134
2.356	0.134
2.357	0.134
2.358	0.134
2.359	0.134
2.360	0.134
2.361	0.134
2.362	0.134
2.363	0.134
2.364	0.134
2.365	0.134
2.366	0.134
2.367	0.134
2.368	0.134
2.369	0.134
2.370	0.135
2.371	0.135
2.372	0.135
2.373	0.135
2.374	0.135
2.375	0.135
2.376	0.135
2.377	0.135
2.378	0.135
2.379	0.135
2.380	0.135
2.381	0.135
2.382	0.135
2.383	0.135
2.384	0.135
2.385	0.135
2.386	0.135
2.387	0.136
2.388	0.136
2.389	0.136
2.390	0.136
2.391	0.136
2.392	0.136
2.393	0.136
2.394	0.136
2.395	0.136
2.396	0.136
2.397	0.136
2.398	0.136
2.399	0.136
2.400	0.136
2.401	0.136
2.402	0.136
2.403	0.136
2.404	0.137
2.405	0.137
2.406	0.137
2.407	0.137
2.408	0.137
2.409	0.137
2.410	0.137
2.411	0.137
2.412	0.137
2.413	0.137
2.414	0.137
2.415	0.137
2.416	0.137
2.417	0.137
2.418	0.137
2.419	0.137
2.420	0.138
2.421	0.138
2.422	0.138
2.423	0.138
2.424	0.138
2.425	0.138
2.426	0.138
2.427	0.138
2.428	0.138
2.429	0.138
2.430	0.138
2.431	0.138
2.432	0.138
2.433	0.138
2.434	0.138
2.435	0.138
2.436	0.138
2.437	0.139
2.438	0.139
2.439	0.139
2.440	0.139
2.441	0.139
2.442	0.139
2.443	0.139
2.444	0.139
2.445	0.139
2.446	0.139
2.447	0.139
2.448	0.139
2.449	0.139
2.450	0.139
2.451	0.139
2.452	0.139
2.453	0.140
2.454	0.140
2.455	0.140
2.456	0.140
2.457	0.140
2.458	0.140
2.459	0.140
2.460	0.140
2.461	0.140
2.462	0.140
2.463	0.140
2.464	0.140
2.465	0.140
2.466	0.140
2.467	0.140
2.468	0.140
2.469	0.140
2.470	0.141
2.471	0.141
2.472	0.141
2.473	0.141
2.474	0.141
2.475	0.141
2.476	0.141
2.477	0.141
2.478	0.141
2.479	0.141
2.480	0.141
2.481	0.141
2.482	0.141
2.483	0.141
2.484	0.141
2.485	0.141
2.486	0.141
2.487	0.142
2.488	0.142
2.489	0.142
2.490	0.142
2.491	0.142
2.492	0.142
2.493	0.142
2.494	0.142
2.495	0.142
2.496	0.142
2.497	0.142
2.498	0.142
2.499	0.142
2.500	0.142
2.501	0.142
2.502	0.142
2.503	0.143
2.504	0.143
2.505	0.143
2.506	0.143
2.507	0.143
2.508	0.143
2.509	0.143
2.510	0.143
2.511	0.143
2.512	0.143
2.513	0.143
2.514	0.143
2.515	0.143
2.516	0.143
2.517	0.143
2.518	0.143
2.519	0.143
2.520	0.144
2.521	0.144
2.522	0.144
2.523	0.144
2.524	0.144
2.525	0.144
2.526	0.144
2.527	0.144
2.528	0.144
2.529	0.144
2.530	0.144
2.531	0.144
2.532	0.144
2.533	0.144
2.534	0.144
2.535	0.144
2.536	0.144
2.537	0.145
2.538	0.145
2.539	0.145
2.540	0.145
2.541	0.145
2.542	0.145
2.543	0.145
2.544	0.145
2.545	0.145
2.546	0.145
2.547	0.145
2.548	0.145
2.549	0.145
2.550	0.145
2.551	0.145
2.552	0.145
2.553	0.146
2.554	0.146
2.555	0.146
2.556	0.146
2.557	0.146
2.558	0.146
2.559	0.146
2.560	0.146
2.561	0.146
2.562	0.146
2.563	0.146
2.564	0.146
2.565	0.146
2.566	0.146
2.567	0.146
2.568	0.146
2.569	0.146
2.570	0.147
2.571	0.147
2.572	0.147
2.573	0.147
2.574	0.147
2.575	0.147
2.576	0.147
2.577	0.147
2.578	0.147
2.579	0.147
2.580	0.147
2.581	0.147
2.582	0.147
2.583	0.147
2.584	0.147
2.585	0.147
2.586	0.148
2.587	0.148
2.588	0.148
2.589	0.148
2.590	0.148
2.591	0.148
2.592	0.148
2.593	0.148
2.594	0.148
2.595	0.148
2.596	0.148
2.597	0.148
2.598	0.148
2.599	0.148
2.600	0.148
2.601	0.148
2.602	0.148
2.603	0.149
2.604	0.149
2.605	0.149
2.606	0.149
2.607	0.149
2.608	0.149
2.609	0.149
2.610	0.149
2.611	0.149
2.612	0.149
2.613	0.149
2.614	0.149
2.615	0.149
2.616	0.149
2.617	0.149
2.618	0.149
2.619	0.149
2.620	0.150
2.621	0.150
2.622	0.150
2.623	0.150
2.624	0.150
2.625	0.150
2.626	0.150
2.627	0.150
2.628	0.150
2.629	0.150
2.630	0.150
2.631	0.150
2.632	0.150
2.633	0.150
2.634	0.150
2.635	0.150
2.636	0.151
2.637	0.151
2.638	0.151
2.639	0.151
2.640	0.151
2.641	0.151
2.642	0.151
2.643	0.151
2.644	0.151
2.645	0.151
2.646	0.151
2.647	0.151
2.648	0.151
2.649	0.151
2.650	0.151
2.651	0.151
2.652	0.151
2.653	0.152
2.654	0.152
2.655	0.152
2.656	0.152
2.657	0.152
2.658	0.152
2.659	0.152
2.660	0.152
2.661	0.152
2.662	0.152
2.663	0.152
2.664	0.152
2.665	0.152
2.666	0.152
2.667	0.152
2.668	0.152
2.669	0.153
2.670	0.153
2.671	0.153
2.672	0.153
2.673	0.153
2.674	0.153
2.675	0.153
2.676	0.153
2.677	0.153
2.678	0.153
2.679	0.153
2.680	0.153
2.681	0.153
2.682	0.153
2.683	0.153
2.684	0.153
2.685	0.153
2.686	0.154
2.687	0.154
2.688	0.154
2.689	0.154
2.690	0.154
2.691	0.154
2.692	0.154
2.693	0.154
2.694	0.154
2.695	0.154
2.696	0.154
2.697	0.154
2.698	0.154
2.699	0.154
2.700	0.154
2.701	0.154
2.702	0.154
2.703	0.155
2.704	0.155
2.705	0.155
2.706	0.155
2.707	0.155
2.708	0.155
2.709	0.155
2.710	0.155
2.711	0.155
2.712	0.155
2.713	0.155
2.714	0.155
2.715	0.155
2.716	0.155
2.717	0.155
2.718	0.155
2.719	0.156
2.720	0.156
2.721	0.156
2.722	0.156
2.723	0.156
2.724	0.156
2.725	0.156
2.726	0.156
2.727	0.156
2.728	0.156
2.729	0.156
2.730	0.156
2.731	0.156
2.732	0.156
2.733	0.156
2.734	0.156
2.735	0.156
2.736	0.157
2.737	0.157
2.738	0.157
2.739	0.157
2.740	0.157
2.741	0.157
2.742	0.157
2.743	0.157
2.744	0.157
2.745	0.157
2.746	0.157
2.747	0.157
2.748	0.157
2.749	0.157
2.750	0.157
2.751	0.157
2.752	0.157
2.753	0.158
2.754	0.158
2.755	0.158
2.756	0.158
2.757	0.158
2.758	0.158
2.759	0.158
2.760	0.158
2.761	0.158
2.762	0.158
2.763	0.158
2.764	0.158
2.765	0.158
2.766	0.158
2.767	0.158
2.768	0.158
2.769	0.159
2.770	0.159
2.771	0.159
2.772	0.159
2.773	0.159
2.774	0.159
2.775	0.159
2.776	0.159
2.777	0.159
2.778	0.159
2.779	0.159
2.780	0.159
2.781	0.159
2.782	0.159
2.783	0.159
2.784	0.159
2.785	0.159
2.786	0.160
2.787	0.160
2.788	0.160
2.789	0.160
2.790	0.160
2.791	0.160
2.792	0.160
2.793	0.160
2.794	0.160
2.795	0.160
2.796	0.160
2.797	0.160
2.798	0.160
2.799	0.160
2.800	0.160
2.801	0.160
2.802	0.160
2.803	0.161
2.804	0.161
2.805	0.161
2.806	0.161
2.807	0.161
2.808	0.161
2.809	0.161
2.810	0.161
2.811	0.161
2.812	0.161
2.813	0.161
2.814	0.161
2.815	0.161
2.816	0.161
2.817	0.161
2.818	0.161
2.819	0.162
2.820	0.162
2.821	0.162
2.822	0.162
2.823	0.162
2.824	0.162
2.825	0.162
2.826	0.162
2.827	0.162
2.828	0.162
2.829	0.162
2.830	0.162
2.831	0.162
2.832	0.162
2.833	0.162
2.834	0.162
2.835	0.162
2.836	0.163
2.837	0.163
2.838	0.163
2.839	0.163
2.840	0.163
2.841	0.163
2.842	0.163
2.843	0.163
2.844	0.163
2.845	0.163
2.846	0.163
2.847	0.163
2.848	0.163
2.849	0.163
2.850	0.163
2.851	0.163
2.852	0.164
2.853	0.164
2.854	0.164
2.855	0.164
2.856	0.164
2.857	0.164
2.858	0.164
2.859	0.164
2.860	0.164
2.861	0.164
2.862	0.164
2.863	0.164
2.864	0.164
2.865	0.164
2.866	0.164
2.867	0.164
2.868	0.164
2.869	0.165
2.870	0.165
2.871	0.165
2.872	0.165
2.873	0.165
2.874	0.165
2.875	0.165
2.876	0.165
2.877	0.165
2.878	0.165
2.879	0.165
2.880	0.165
2.881	0.165
2.882	0.165
2.883	0.165
2.884	0.165
2.885	0.165
2.886	0.166
2.887	0.166
2.888	0.166
2.889	0.166
2.890	0.166
2.891	0.166
2.892	0.166
2.893	0.166
2.894	0.166
2.895	0.166
2.896	0.166
2.897	0.166
2.898	0.166
2.899	0.166
2.900	0.166
2.901	0.166
2.902	0.167
2.903	0.167
2.904	0.167
2.905	0.167
2.906	0.167
2.907	0.167
2.908	0.167
2.909	0.167
2.910	0.167
2.911	0.167
2.912	0.167
2.913	0.167
2.914	0.167
2.915	0.167
2.916	0.167
2.917	0.167
2.918	0.167
2.919	0.168
2.920	0.168
2.921	0.168
2.922	0.168
2.923	0.168
2.924	0.168
2.925	0.168
2.926	0.168
2.927	0.168
2.928	0.168
2.929	0.168
2.930	0.168
2.931	0.168
2.932	0.168
2.933	0.168
2.934	0.168
2.935	0.168
2.936	0.169
2.937	0.169
2.938	0.169
2.939	0.169
2.940	0.169
2.941	0.169
2.942	0.169
2.943	0.169
2.944	0.169
2.945	0.169
2.946	0.169
2.947	0.169
2.948	0.169
2.949	0.169
2.950	0.169
2.951	0.169
2.952	0.170
2.953	0.170
2.954	0.170
2.955	0.170
2.956	0.170
2.957	0.170
2.958	0.170
2.959	0.170
2.960	0.170
2.961	0.170
2.962	0.170
2.963	0.170
2.964	0.170
2.965	0.170
2.966	0.170
2.967	0.170
2.968	0.170
2.969	0.171
2.970	0.171
2.971	0.171
2.972	0.171
2.973	0.171
2.974	0.171
2.975	0.171
2.976	0.171
2.977	0.171
2.978	0.171
2.979	0.171
2.980	0.171
2.981	0.171
2.982	0.171
2.983	0.171
2.984	0.171
2.985	0.172
2.986	0.172
2.987	0.172
2.988	0.172
2.989	0.172
2.990	0.172
2.991	0.172
2.992	0.172
2.993	0.172
2.994	0.172
2.995	0.172
2.996	0.172
2.997	0.172
2.998	0.172
2.999	0.172
3.000	0.172
3.001	0.172
3.002	0.173
3.003	0.173
3.004	0.173
3.005	0.173
3.006	0.173
3.007	0.173
3.008	0.173
3.009	0.173
3.010	0.173
3.011	0.173
3.012	0.173
3.013	0.173
3.014	0.173
3.015	0.173
3.016	0.173
3.017	0.173
3.018	0.173
3.019	0.174
3.020	0.174
3.021	0.174
3.022	0.174
3.023	0.174
3.024	0.174
3.025	0.174
3.026	0.174
3.027	0.174
3.028	0.174
3.029	0.174
3.030	0.174
3.031	0.174
3.032	0.174
3.033	0.174
3.034	0.174
3.035	0.175
3.036	0.175
3.037	0.175
3.038	0.175
3.039	0.175
3.040	0.175
3.041	0.175
3.042	0.175
3.043	0.175
3.044	0.175
3.045	0.175
3.046	0.175
3.047	0.175
3.048	0.175
3.049	0.175
3.050	0.175
3.051	0.175
3.052	0.176
3.053	0.176
3.054	0.176
3.055	0.176
3.056	0.176
3.057	0.176
3.058	0.176
3.059	0.176
3.060	0.176
3.061	0.176
3.062	0.176
3.063	0.176
3.064	0.176
3.065	0.176
3.066	0.176
3.067	0.176
3.068	0.176
3.069	0.177
3.070	0.177
3.071	0.177
3.072	0.177
3.073	0.177
3.074	0.177
3.075	0.177
3.076	0.177
3.077	0.177
3.078	0.177
3.079	0.177
3.080	0.177
3.081	0.177
3.082	0.177
3.083	0.177
3.084	0.177
3.085	0.178
3.086	0.178
3.087	0.178
3.088	0.178
3.089	0.178
3.090	0.178
3.091	0.178
3.092	0.178
3.093	0.178
3.094	0.178
3.095	0.178
3.096	0.178
3.097	0.178
3.098	0.178
3.099	0.178
3.100	0.178
3.101	0.178
3.102	0.179
3.103	0.179
3.104	0.179
3.105	0.179
3.106	0.179
3.107	0.179
3.108	0.179
3.109	0.179
3.110	0.179
3.111	0.179
3.112	0.179
3.113	0.179
3.114	0.179
3.115	0.179
3.116	0.179
3.117	0.179
3.118	0.179
3.119	0.180
3.120	0.180
3.121	0.180
3.122	0.180
3.123	0.180
3.124	0.180
3.125	0.180
3.126	0.180
3.127	0.180
3.128	0.180
3.129	0.180
3.130	0.180
3.131	0.180
3.132	0.180
3.133	0.180
3.134	0.180
3.135	0.181
3.136	0.181
3.137	0.181
3.138	0.181
3.139	0.181
3.140	0.181
3.141	0.181
3.142	0.181
3.143	0.181
3.144	0.181
3.145	0.181
3.146	0.181
3.147	0.181
3.148	0.181
3.149	0.181
3.150	0.181
3.151	0.181
3.152	0.182
3.153	0.182
3.154	0.182
3.155	0.182
3.156	0.182
3.157	0.182
3.158	0.182
3.159	0.182
3.160	0.182
3.161	0.182
3.162	0.182
3.163	0.182
3.164	0.182
3.165	0.182
3.166	0.182
3.167	0.182
3.168	0.182
3.169	0.183
3.170	0.183
3.171	0.183
3.172	0.183
3.173	0.183
3.174	0.183
3.175	0.183
3.176	0.183
3.177	0.183
3.178	0.183
3.179	0.183
3.180	0.183
3.181	0.183
3.182	0.183
3.183	0.183
3.184	0.183
3.185	0.184
3.186	0.184
3.187	0.184
3.188	0.184
3.189	0.184
3.190	0.184
3.191	0.184
3.192	0.184
3.193	0.184
3.194	0.184
3.195	0.184
3.196	0.184
3.197	0.184
3.198	0.184
3.199	0.184
3.200	0.184
3.201	0.184
3.202	0.185
3.203	0.185
3.204	0.185
3.205	0.185
3.206	0.185
3.207	0.185
3.208	0.185
3.209	0.185
3.210	0.185
3.211	0.185
3.212	0.185
3.213	0.185
3.214	0.185
3.215	0.185
3.216	0.185
3.217	0.185
3.218	0.186
3.219	0.186
3.220	0.186
3.221	0.186
3.222	0.186
3.223	0.186
3.224	0.186
3.225	0.186
3.226	0.186
3.227	0.186
3.228	0.186
3.229	0.186
3.230	0.186
3.231	0.186
3.232	0.186
3.233	0.186
3.234	0.186
3.235	0.187
3.236	0.187
3.237	0.187
3.238	0.187
3.239	0.187
3.240	0.187
3.241	0.187
3.242	0.187
3.243	0.187
3.244	0.187
3.245	0.187
3.246	0.187
3.247	0.187
3.248	0.187
3.249	0.187
3.250	0.187
3.251	0.187
3.252	0.188
3.253	0.188
3.254	0.188
3.255	0.188
3.256	0.188
3.257	0.188
3.258	0.188
3.259	0.188
3.260	0.188
3.261	0.188
3.262	0.188
3.263	0.188
3.264	0.188
3.265	0.188
3.266	0.188
3.267	0.188
3.268	0.189
3.269	0.189
3.270	0.189
3.271	0.189
3.272	0.189
3.273	0.189
3.274	0.189
3.275	0.189
3.276	0.189
3.277	0.189
3.278	0.189
3.279	0.189
3.280	0.189
3.281	0.189
3.282	0.189
3.283	0.189
3.284	0.189
3.285	0.190
3.286	0.190
3.287	0.190
3.288	0.190
3.289	0.190
3.290	0.190
3.291	0.190
3.292	0.190
3.293	0.190
3.294	0.190
3.295	0.190
3.296	0.190
3.297	0.190
3.298	0.190
3.299	0.190
3.300	0.190
3.301	0.190
3.302	0.191
3.303	0.191
3.304	0.191
3.305	0.191
3.306	0.191
3.307	0.191
3.308	0.191
3.309	0.191
3.310	0.191
3.311	0.191
3.312	0.191
3.313	0.191
3.314	0.191
3.315	0.191
3.316	0.191
3.317	0.191
3.318	0.192
3.319	0.192
3.320	0.192
3.321	0.192
3.322	0.192
3.323	0.192
3.324	0.192
3.325	0.192
3.326	0.192
3.327	0.192
3.328	0.192
3.329	0.192
3.330	0.192
3.331	0.192
3.332	0.192
3.333	0.192
3.334	0.192
3.335	0.193
3.336	0.193
3.337	0.193
3.338	0.193
3.339	0.193
3.340	0.193
3.341	0.193
3.342	0.193
3.343	0.193
3.344	0.193
3.345	0.193
3.346	0.193
3.347	0.193
3.348	0.193
3.349	0.193
3.350	0.193
3.351	0.193
3.352	0.194
3.353	0.194
3.354	0.194
3.355	0.194
3.356	0.194
3.357	0.194
3.358	0.194
3.359	0.194
3.360	0.194
3.361	0.194
3.362	0.194
3.363	0.194
3.364	0.194
3.365	0.194
3.366	0.194
3.367	0.194
3.368	0.195
3.369	0.195
3.370	0.195
3.371	0.195
3.372	0.195
3.373	0.195
3.374	0.195
3.375	0.195
3.376	0.195
3.377	0.195
3.378	0.195
3.379	0.195
3.380	0.195
3.381	0.195
3.382	0.195
3.383	0.195
3.384	0.195
3.385	0.196
3.386	0.196
3.387	0.196
3.388	0.196
3.389	0.196
3.390	0.196
3.391	0.196
3.392	0.196
3.393	0.196
3.394	0.196
3.395	0.196
3.396	0.196
3.397	0.196
3.398	0.196
3.399	0.196
3.400	0.196
3.401	0.196
3.402	0.197
3.403	0.197
3.404	0.197
3.405	0.197
3.406	0.197
3.407	0.197
3.408	0.197
3.409	0.197
3.410	0.197
3.411	0.197
3.412	0.197
3.413	0.197
3.414	0.197
3.415	0.197
3.416	0.197
3.417	0.197
3.418	0.198
3.419	0.198
3.420	0.198
3.421	0.198
3.422	0.198
3.423	0.198
3.424	0.198
3.425	0.198
3.426	0.198
3.427	0.198
3.428	0.198
3.429	0.198
3.430	0.198
3.431	0.198
3.432	0.198
3.433	0.198
3.434	0.198
3.435	0.199
3.436	0.199
3.437	0.199
3.438	0.199
3.439	0.199
3.440	0.199
3.441	0.199
3.442	0.199
3.443	0.199
3.444	0.199
3.445	0.199
3.446	0.199
3.447	0.199
3.448	0.199
3.449	0.199
3.450	0.199
3.451	0.199
3.452	0.200
3.453	0.200
3.454	0.200
3.455	0.200
3.456	0.200
3.457	0.200
3.458	0.200
3.459	0.200
3.460	0.200
3.461	0.200
3.462	0.200
3.463	0.200
3.464	0.200
3.465	0.200
3.466	0.200
3.467	0.200
3.468	0.201
3.469	0.201
3.470	0.201
3.471	0.201
3.472	0.201
3.473	0.201
3.474	0.201
3.475	0.201
3.476	0.201
3.477	0.201
3.478	0.201
3.479	0.201
3.480	0.201
3.481	0.201
3.482	0.201
3.483	0.201
3.484	0.201
3.485	0.202
3.486	0.202
3.487	0.202
3.488	0.202
3.489	0.202
3.490	0.202
3.491	0.202
3.492	0.202
3.493	0.202
3.494	0.202
3.495	0.202
3.496	0.202
3.497	0.202
3.498	0.202
3.499	0.202
3.500	0.202
3.501	0.203
3.502	0.203
3.503	0.203
3.504	0.203
3.505	0.203
3.506	0.203
3.507	0.203
3.508	0.203
3.509	0.203
3.510	0.203
3.511	0.203
3.512	0.203
3.513	0.203
3.514	0.203
3.515	0.203
3.516	0.203
3.517	0.203
3.518	0.204
3.519	0.204
3.520	0.204
3.521	0.204
3.522	0.204
3.523	0.204
3.524	0.204
3.525	0.204
3.526	0.204
3.527	0.204
3.528	0.204
3.529	0.204
3.530	0.204
3.531	0.204
3.532	0.204
3.533	0.204
3.534	0.204
3.535	0.205
3.536	0.205
3.537	0.205
3.538	0.205
3.539	0.205
3.540	0.205
3.541	0.205
3.542	0.205
3.543	0.205
3.544	0.205
3.545	0.205
3.546	0.205
3.547	0.205
3.548	0.205
3.549	0.205
3.550	0.205
3.551	0.206
3.552	0.206
3.553	0.206
3.554	0.206
3.555	0.206
3.556	0.206
3.557	0.206
3.558	0.206
3.559	0.206
3.560	0.206
3.561	0.206
3.562	0.206
3.563	0.206
3.564	0.206
3.565	0.206
3.566	0.206
3.567	0.206
3.568	0.207
3.569	0.207
3.570	0.207
3.571	0.207
3.572	0.207
3.573	0.207
3.574	0.207
3.575	0.207
3.576	0.207
3.577	0.207
3.578	0.207
3.579	0.207
3.580	0.207
3.581	0.207
3.582	0.207
3.583	0.207
3.584	0.207
3.585	0.208
3.586	0.208
3.587	0.208
3.588	0.208
3.589	0.208
3.590	0.208
3.591	0.208
3.592	0.208
3.593	0.208
3.594	0.208
3.595	0.208
3.596	0.208
3.597	0.208
3.598	0.208
3.599	0.208
3.600	0.208
3.601	0.209
3.602	0.209
3.603	0.209
3.604	0.209
3.605	0.209
3.606	0.209
3.607	0.209
3.608	0.209
3.609	0.209
3.610	0.209
3.611	0.209
3.612	0.209
3.613	0.209
3.614	0.209
3.615	0.209
3.616	0.209
3.617	0.209
3.618	0.210
3.619	0.210
3.620	0.210
3.621	0.210
3.622	0.210
3.623	0.210
3.624	0.210
3.625	0.210
3.626	0.210
3.627	0.210
3.628	0.210
3.629	0.210
3.630	0.210
3.631	0.210
3.632	0.210
3.633	0.210
3.634	0.210
3.635	0.211
3.636	0.211
3.637	0.211
3.638	0.211
3.639	0.211
3.640	0.211
3.641	0.211
3.642	0.211
3.643	0.211
3.644	0.211
3.645	0.211
3.646	0.211
3.647	0.211
3.648	0.211
3.649	0.211
3.650	0.211
3.651	0.212
3.652	0.212
3.653	0.212
3.654	0.212
3.655	0.212
3.656	0.212
3.657	0.212
3.658	0.212
3.659	0.212
3.660	0.212
3.661	0.212
3.662	0.212
3.663	0.212
3.664	0.212
3.665	0.212
3.666	0.212
3.667	0.212
3.668	0.213
3.669	0.213
3.670	0.213
3.671	0.213
3.672	0.213
3.673	0.213
3.674	0.213
3.675	0.213
3.676	0.213
3.677	0.213
3.678	0.213
3.679	0.213
3.680	0.213
3.681	0.213
3.682	0.213
3.683	0.213
3.684	0.213
3.685	0.214
3.686	0.214
3.687	0.214
3.688	0.214
3.689	0.214
3.690	0.214
3.691	0.214
3.692	0.214
3.693	0.214
3.694	0.214
3.695	0.214
3.696	0.214
3.697	0.214
3.698	0.214
3.699	0.214
3.700	0.214
3.701	0.215
3.702	0.215
3.703	0.215
3.704	0.215
3.705	0.215
3.706	0.215
3.707	0.215
3.708	0.215
3.709	0.215
3.710	0.215
3.711	0.215
3.712	0.215
3.713	0.215
3.714	0.215
3.715	0.215
3.716	0.215
3.717	0.215
3.718	0.216
3.719	0.216
3.720	0.216
3.721	0.216
3.722	0.216
3.723	0.216
3.724	0.216
3.725	0.216
3.726	0.216
3.727	0.216
3.728	0.216
3.729	0.216
3.730	0.216
3.731	0.216
3.732	0.216
3.733	0.216
3.734	0.216
3.735	0.217
3.736	0.217
3.737	0.217
3.738	0.217
3.739	0.217
3.740	0.217
3.741	0.217
3.742	0.217
3.743	0.217
3.744	0.217
3.745	0.217
3.746	0.217
3.747	0.217
3.748	0.217
3.749	0.217
3.750	0.217
3.751	0.218
3.752	0.218
3.753	0.218
3.754	0.218
3.755	0.218
3.756	0.218
3.757	0.218
3.758	0.218
3.759	0.218
3.760	0.218
3.761	0.218
3.762	0.218
3.763	0.218
3.764	0.218
3.765	0.218
3.766	0.218
3.767	0.218
3.768	0.219
3.769	0.219
3.770	0.219
3.771	0.219
3.772	0.219
3.773	0.219
3.774	0.219
3.775	0.219
3.776	0.219
3.777	0.219
3.778	0.219
3.779	0.219
3.780	0.219
3.781	0.219
3.782	0.219
3.783	0.219
3.784	0.219
3.785	0.220
3.786	0.220
3.787	0.220
3.788	0.220
3.789	0.220
3.790	0.220
3.791	0.220
3.792	0.220
3.793	0.220
3.794	0.220
3.795	0.220
3.796	0.220
3.797	0.220
3.798	0.220
3.799	0.220
3.800	0.220
3.801	0.221
3.802	0.221
3.803	0.221
3.804	0.221
3.805	0.221
3.806	0.221
3.807	0.221
3.808	0.221
3.809	0.221
3.810	0.221
3.811	0.221
3.812	0.221
3.813	0.221
3.814	0.221
3.815	0.221
3.816	0.221
3.817	0.221
3.818	0.222
3.819	0.222
3.820	0.222
3.821	0.222
3.822	0.222
3.823	0.222
3.824	0.222
3.825	0.222
3.826	0.222
3.827	0.222
3.828	0.222
3.829	0.222
3.830	0.222
3.831	0.222
3.832	0.222
3.833	0.222
3.834	0.222
3.835	0.223
3.836	0.223
3.837	0.223
3.838	0.223
3.839	0.223
3.840	0.223
3.841	0.223
3.842	0.223
3.843	0.223
3.844	0.223
3.845	0.223
3.846	0.223
3.847	0.223
3.848	0.223
3.849	0.223
3.850	0.223
3.851	0.224
3.852	0.224
3.853	0.224
3.854	0.224
3.855	0.224
3.856	0.224
3.857	0.224
3.858	0.224
3.859	0.224
3.860	0.224
3.861	0.224
3.862	0.224
3.863	0.224
3.864	0.224
3.865	0.224
3.866	0.224
3.867	0.224
3.868	0.225
3.869	0.225
3.870	0.225
3.871	0.225
3.872	0.225
3.873	0.225
3.874	0.225
3.875	0.225
3.876	0.225
3.877	0.225
3.878	0.225
3.879	0.225
3.880	0.225
3.881	0.225
3.882	0.225
3.883	0.225
3.884	0.225
3.885	0.226
3.886	0.226
3.887	0.226
3.888	0.226
3.889	0.226
3.890	0.226
3.891	0.226
3.892	0.226
3.893	0.226
3.894	0.226
3.895	0.226
3.896	0.226
3.897	0.226
3.898	0.226
3.899	0.226
3.900	0.226
3.901	0.227
3.902	0.227
3.903	0.227
3.904	0.227
3.905	0.227
3.906	0.227
3.907	0.227
3.908	0.227
3.909	0.227
3.910	0.227
3.911	0.227
3.912	0.227
3.913	0.227
3.914	0.227
3.915	0.227
3.916	0.227
3.917	0.227
3.918	0.228
3.919	0.228
3.920	0.228
3.921	0.228
3.922	0.228
3.923	0.228
3.924	0.228
3.925	0.228
3.926	0.228
3.927	0.228
3.928	0.228
3.929	0.228
3.930	0.228
3.931	0.228
3.932	0.228
3.933	0.228
3.934	0.228
3.935	0.229
3.936	0.229
3.937	0.229
3.938	0.229
3.939	0.229
3.940	0.229
3.941	0.229
3.942	0.229
3.943	0.229
3.944	0.229
3.945	0.229
3.946	0.229
3.947	0.229
3.948	0.229
3.949	0.229
3.950	0.229
3.951	0.230
3.952	0.230
3.953	0.230
3.954	0.230
3.955	0.230
3.956	0.230
3.957	0.230
3.958	0.230
3.959	0.230
3.960	0.230
3.961	0.230
3.962	0.230
3.963	0.230
3.964	0.230
3.965	0.230
3.966	0.230
3.967	0.230
3.968	0.231
3.969	0.231
3.970	0.231
3.971	0.231
3.972	0.231
3.973	0.231
3.974	0.231
3.975	0.231
3.976	0.231
3.977	0.231
3.978	0.231
3.979	0.231
3.980	0.231
3.981	0.231
3.982	0.231
3.983	0.231
3.984	0.231
3.985	0.232
3.986	0.232
3.987	0.232
3.988	0.232
3.989	0.232
3.990	0.232
3.991	0.232
3.992	0.232
3.993	0.232
3.994	0.232
3.995	0.232
3.996	0.232
3.997	0.232
3.998	0.232
3.999	0.232
4.000	0.232
4.001	0.233
4.002	0.233
4.003	0.233
4.004	0.233
4.005	0.233
4.006	0.233
4.007	0.233
4.008	0.233
4.009	0.233
4.010	0.233
4.011	0.233
4.012	0.233
4.013	0.233
4.014	0.233
4.015	0.233
4.016	0.233
4.017	0.233
4.018	0.234
4.019	0.234
4.020	0.234
4.021	0.234
4.022	0.234
4.023	0.234
4.024	0.234
4.025	0.234
4.026	0.234
4.027	0.234
4.028	0.234
4.029	0.234
4.030	0.234
4.031	0.234
4.032	0.234
4.033	0.234
4.034	0.234
4.035	0.235
4.036	0.235
4.037	0.235
4.038	0.235
4.039	0.235
4.040	0.235
4.041	0.235
4.042	0.235
4.043	0.235
4.044	0.235
4.045	0.235
4.046	0.235
4.047	0.235
4.048	0.235
4.049	0.235
4.050	0.235
4.051	0.236
4.052	0.236
4.053	0.236
4.054	0.236
4.055	0.236
4.056	0.236
4.057	0.236
4.058	0.236
4.059	0.236
4.060	0.236
4.061	0.236
4.062	0.236
4.063	0.236
4.064	0.236
4.065	0.236
4.066	0.236
4.067	0.236
4.068	0.237
4.069	0.237
4.070	0.237
4.071	0.237
4.072	0.237
4.073	0.237
4.074	0.237
4.075	0.237
4.076	0.237
4.077	0.237
4.078	0.237
4.079	0.237
4.080	0.237
4.081	0.237
4.082	0.237
4.083	0.237
4.084	0.237
4.085	0.238
4.086	0.238
4.087	0.238
4.088	0.238
4.089	0.238
4.090	0.238
4.091	0.238
4.092	0.238
4.093	0.238
4.094	0.238
4.095	0.238
4.096	0.238
4.097	0.238
4.098	0.238
4.099	0.238
4.100	0.238
4.101	0.239
4.102	0.239
4.103	0.239
4.104	0.239
4.105	0.239
4.106	0.239
4.107	0.239
4.108	0.239
4.109	0.239
4.110	0.239
4.111	0.239
4.112	0.239
4.113	0.239
4.114	0.239
4.115	0.239
4.116	0.239
4.117	0.239
4.118	0.240
4.119	0.240
4.120	0.240
4.121	0.240
4.122	0.240
4.123	0.240
4.124	0.240
4.125	0.240
4.126	0.240
4.127	0.240
4.128	0.240
4.129	0.240
4.130	0.240
4.131	0.240
4.132	0.240
4.133	0.240
4.134	0.240
4.135	0.241
4.136	0.241
4.137	0.241
4.138	0.241
4.139	0.241
4.140	0.241
4.141	0.241
4.142	0.241
4.143	0.241
4.144	0.241
4.145	0.241
4.146	0.241
4.147	0.241
4.148	0.241
4.149	0.241
4.150	0.241
4.151	0.242
4.152	0.242
4.153	0.242
4.154	0.242
4.155	0.242
4.156	0.242
4.157	0.242
4.158	0.242
4.159	0.242
4.160	0.242
4.161	0.242
4.162	0.242
4.163	0.242
4.164	0.242
4.165	0.242
4.166	0.242
4.167	0.242
4.168	0.243
4.169	0.243
4.170	0.243
4.171	0.243
4.172	0.243
4.173	0.243
4.174	0.243
4.175	0.243
4.176	0.243
4.177	0.243
4.178	0.243
4.179	0.243
4.180	0.243
4.181	0.243
4.182	0.243
4.183	0.243
4.184	0.243
4.185	0.244
4.186	0.244
4.187	0.244
4.188	0.244
4.189	0.244
4.190	0.244
4.191	0.244
4.192	0.244
4.193	0.244
4.194	0.244
4.195	0.244
4.196	0.244
4.197	0.244
4.198	0.244
4.199	0.244
4.200	0.244
4.201	0.245
4.202	0.245
4.203	0.245
4.204	0.245
4.205	0.245
4.206	0.245
4.207	0.245
4.208	0.245
4.209	0.245
4.210	0.245
4.211	0.245
4.212	0.245
4.213	0.245
4.214	0.245
4.215	0.245
4.216	0.245
4.217	0.245
4.218	0.246
4.219	0.246
4.220	0.246
4.221	0.246
4.222	0.246
4.223	0.246
4.224	0.246
4.225	0.246
4.226	0.246
4.227	0.246
4.228	0.246
4.229	0.246
4.230	0.246
4.231	0.246
4.232	0.246
4.233	0.246
4.234	0.246
4.235	0.247
4.236	0.247
4.237	0.247
4.238	0.247
4.239	0.247
4.240	0.247
4.241	0.247
4.242	0.247
4.243	0.247
4.244	0.247
4.245	0.247
4.246	0.247
4.247	0.247
4.248	0.247
4.249	0.247
4.250	0.247
4.251	0.248
4.252	0.248
4.253	0.248
4.254	0.248
4.255	0.248
4.256	0.248
4.257	0.248
4.258	0.248
4.259	0.248
4.260	0.248
4.261	0.248
4.262	0.248
4.263	0.248
4.264	0.248
4.265	0.248
4.266	0.248
4.267	0.248
4.268	0.249
4.269	0.249
4.270	0.249
4.271	0.249
4.272	0.249
4.273	0.249
4.274	0.249
4.275	0.249
4.276	0.249
4.277	0.249
4.278	0.249
4.279	0.249
4.280	0.249
4.281	0.249
4.282	0.249
4.283	0.249
4.284	0.249
4.285	0.250
4.286	0.250
4.287	0.250
4.288	0.250
4.289	0.250
4.290	0.250
4.291	0.250
4.292	0.250
4.293	0.250
4.294	0.250
4.295	0.250
4.296	0.250
4.297	0.250
4.298	0.250
4.299	0.250
4.300	0.250
4.301	0.251
4.302	0.251
4.303	0.251
4.304	0.251
4.305	0.251
4.306	0.251
4.307	0.251
4.308	0.251
4.309	0.251
4.310	0.251
4.311	0.251
4.312	0.251
4.313	0.251
4.314	0.251
4.315	0.251
4.316	0.251
4.317	0.251
4.318	0.252
4.319	0.252
4.320	0.252
4.321	0.252
4.322	0.252
4.323	0.252
4.324	0.252
4.325	0.252
4.326	0.252
4.327	0.252
4.328	0.252
4.329	0.252
4.330	0.252
4.331	0.252
4.332	0.252
4.333	0.252
4.334	0.252
4.335	0.253
4.336	0.253
4.337	0.253
4.338	0.253
4.339	0.253
4.340	0.253
4.341	0.253
4.342	0.253
4.343	0.253
4.344	0.253
4.345	0.253
4.346	0.253
4.347	0.253
4.348	0.253
4.349	0.253
4.350	0.253
4.351	0.254
4.352	0.254
4.353	0.254
4.354	0.254
4.355	0.254
4.356	0.254
4.357	0.254
4.358	0.254
4.359	0.254
4.360	0.254
4.361	0.254
4.362	0.254
4.363	0.254
4.364	0.254
4.365	0.254
4.366	0.254
4.367	0.254
4.368	0.255
4.369	0.255
4.370	0.255
4.371	0.255
4.372	0.255
4.373	0.255
4.374	0.255
4.375	0.255
4.376	0.255
4.377	0.255
4.378	0.255
4.379	0.255
4.380	0.255
4.381	0.255
4.382	0.255
4.383	0.255
4.384	0.255
4.385	0.256
4.386	0.256
4.387	0.256
4.388	0.256
4.389	0.256
4.390	0.256
4.391	0.256
4.392	0.256
4.393	0.256
4.394	0.256
4.395	0.256
4.396	0.256
4.397	0.256
4.398	0.256
4.399	0.256
4.400	0.256
4.401	0.257
4.402	0.257
4.403	0.257
4.404	0.257
4.405	0.257
4.406	0.257
4.407	0.257
4.408	0.257
4.409	0.257
4.410	0.257
4.411	0.257
4.412	0.257
4.413	0.257
4.414	0.257
4.415	0.257
4.416	0.257
4.417	0.257
4.418	0.258
4.419	0.258
4.420	0.258
4.421	0.258
4.422	0.258
4.423	0.258
4.424	0.258
4.425	0.258
4.426	0.258
4.427	0.258
4.428	0.258
4.429	0.258
4.430	0.258
4.431	0.258
4.432	0.258
4.433	0.258
4.434	0.258
4.435	0.259
4.436	0.259
4.437	0.259
4.438	0.259
4.439	0.259
4.440	0.259
4.441	0.259
4.442	0.259
4.443	0.259
4.444	0.259
4.445	0.259
4.446	0.259
4.447	0.259
4.448	0.259
4.449	0.259
4.450	0.259
4.451	0.260
4.452	0.260
4.453	0.260
4.454	0.260
4.455	0.260
4.456	0.260
4.457	0.260
4.458	0.260
4.459	0.260
4.460	0.260
4.461	0.260
4.462	0.260
4.463	0.260
4.464	0.260
4.465	0.260
4.466	0.260
4.467	0.260
4.468	0.261
4.469	0.261
4.470	0.261
4.471	0.261
4.472	0.261
4.473	0.261
4.474	0.261
4.475	0.261
4.476	0.261
4.477	0.261
4.478	0.261
4.479	0.261
4.480	0.261
4.481	0.261
4.482	0.261
4.483	0.261
4.484	0.261
4.485	0.262
4.486	0.262
4.487	0.262
4.488	0.262
4.489	0.262
4.490	0.262
4.491	0.262
4.492	0.262
4.493	0.262
4.494	0.262
4.495	0.262
4.496	0.262
4.497	0.262
4.498	0.262
4.499	0.262
4.500	0.262
4.501	0.263
4.502	0.263
4.503	0.263
4.504	0.263
4.505	0.263
4.506	0.263
4.507	0.263
4.508	0.263
4.509	0.263
4.510	0.263
4.511	0.263
4.512	0.263
4.513	0.263
4.514	0.263
4.515	0.263
4.516	0.263
4.517	0.263
4.518	0.264
4.519	0.264
4.520	0.264
4.521	0.264
4.522	0.264
4.523	0.264
4.524	0.264
4.525	0.264
4.526	0.264
4.527	0.264
4.528	0.264
4.529	0.264
4.530	0.264
4.531	0.264
4.532	0.264
4.533	0.264
4.534	0.264
4.535	0.265
4.536	0.265
4.537	0.265
4.538	0.265
4.539	0.265
4.540	0.265
4.541	0.265
4.542	0.265
4.543	0.265
4.544	0.265
4.545	0.265
4.546	0.265
4.547	0.265
4.548	0.265
4.549	0.265
4.550	0.265
4.551	0.266
4.552	0.266
4.553	0.266
4.554	0.266
4.555	0.266
4.556	0.266
4.557	0.266
4.558	0.266
4.559	0.266
4.560	0.266
4.561	0.266
4.562	0.266
4.563	0.266
4.564	0.266
4.565	0.266
4.566	0.266
4.567	0.266
4.568	0.267
4.569	0.267
4.570	0.267
4.571	0.267
4.572	0.267
4.573	0.267
4.574	0.267
4.575	0.267
4.576	0.267
4.577	0.267
4.578	0.267
4.579	0.267
4.580	0.267
4.581	0.267
4.582	0.267
4.583	0.267
4.584	0.267
4.585	0.268
4.586	0.268
4.587	0.268
4.588	0.268
4.589	0.268
4.590	0.268
4.591	0.268
4.592	0.268
4.593	0.268
4.594	0.268
4.595	0.268
4.596	0.268
4.597	0.268
4.598	0.268
4.599	0.268
4.600	0.268
4.601	0.269
4.602	0.269
4.603	0.269
4.604	0.269
4.605	0.269
4.606	0.269
4.607	0.269
4.608	0.269
4.609	0.269
4.610	0.269
4.611	0.269
4.612	0.269
4.613	0.269
4.614	0.269
4.615	0.269
4.616	0.269
4.617	0.269
4.618	0.270
4.619	0.270
4.620	0.270
4.621	0.270
4.622	0.270
4.623	0.270
4.624	0.270
4.625	0.270
4.626	0.270
4.627	0.270
4.628	0.270
4.629	0.270
4.630	0.270
4.631	0.270
4.632	0.270
4.633	0.270
4.634	0.270
4.635	0.271
4.636	0.271
4.637	0.271
4.638	0.271
4.639	0.271
4.640	0.271
4.641	0.271
4.642	0.271
4.643	0.271
4.644	0.271
4.645	0.271
4.646	0.271
4.647	0.271
4.648	0.271
4.649	0.271
4.650	0.271
4.651	0.272
4.652	0.272
4.653	0.272
4.654	0.272
4.655	0.272
4.656	0.272
4.657	0.272
4.658	0.272
4.659	0.272
4.660	0.272
4.661	0.272
4.662	0.272
4.663	0.272
4.664	0.272
4.665	0.272
4.666	0.272
4.667	0.272
4.668	0.273
4.669	0.273
4.670	0.273
4.671	0.273
4.672	0.273
4.673	0.273
4.674	0.273
4.675	0.273
4.676	0.273
4.677	0.273
4.678	0.273
4.679	0.273
4.680	0.273
4.681	0.273
4.682	0.273
4.683	0.273
4.684	0.273
4.685	0.274
4.686	0.274
4.687	0.274
4.688	0.274
4.689	0.274
4.690	0.274
4.691	0.274
4.692	0.274
4.693	0.274
4.694	0.274
4.695	0.274
4.696	0.274
4.697	0.274
4.698	0.274
4.699	0.274
4.700	0.274
4.701	0.274
4.702	0.275
4.703	0.275
4.704	0.275
4.705	0.275
4.706	0.275
4.707	0.275
4.708	0.275
4.709	0.275
4.710	0.275
4.711	0.275
4.712	0.275
4.713	0.275
4.714	0.275
4.715	0.275
4.716	0.275
4.717	0.275
4.718	0.276
4.719	0.276
4.720	0.276
4.721	0.276
4.722	0.276
4.723	0.276
4.724	0.276
4.725	0.276
4.726	0.276
4.727	0.276
4.728	0.276
4.729	0.276
4.730	0.276
4.731	0.276
4.732	0.276
4.733	0.276
4.734	0.276
4.735	0.277
4.736	0.277
4.737	0.277
4.738	0.277
4.739	0.277
4.740	0.277
4.741	0.277
4.742	0.277
4.743	0.277
4.744	0.277
4.745	0.277
4.746	0.277
4.747	0.277
4.748	0.277
4.749	0.277
4.750	0.277
4.751	0.277
4.752	0.278
4.753	0.278
4.754	0.278
4.755	0.278
4.756	0.278
4.757	0.278
4.758	0.278
4.759	0.278
4.760	0.278
4.761	0.278
4.762	0.278
4.763	0.278
4.764	0.278
4.765	0.278
4.766	0.278
4.767	0.278
4.768	0.279
4.769	0.279
4.770	0.279
4.771	0.279
4.772	0.279
4.773	0.279
4.774	0.279
4.775	0.279
4.776	0.279
4.777	0.279
4.778	0.279
4.779	0.279
4.780	0.279
4.781	0.279
4.782	0.279
4.783	0.279
4.784	0.279
4.785	0.280
4.786	0.280
4.787	0.280
4.788	0.280
4.789	0.280
4.790	0.280
4.791	0.280
4.792	0.280
4.793	0.280
4.794	0.280
4.795	0.280
4.796	0.280
4.797	0.280
4.798	0.280
4.799	0.280
4.800	0.280
4.801	0.280
4.802	0.281
4.803	0.281
4.804	0.281
4.805	0.281
4.806	0.281
4.807	0.281
4.808	0.281
4.809	0.281
4.810	0.281
4.811	0.281
4.812	0.281
4.813	0.281
4.814	0.281
4.815	0.281
4.816	0.281
4.817	0.281
4.818	0.282
4.819	0.282
4.820	0.282
4.821	0.282
4.822	0.282
4.823	0.282
4.824	0.282
4.825	0.282
4.826	0.282
4.827	0.282
4.828	0.282
4.829	0.282
4.830	0.282
4.831	0.282
4.832	0.282
4.833	0.282
4.834	0.282
4.835	0.283
4.836	0.283
4.837	0.283
4.838	0.283
4.839	0.283
4.840	0.283
4.841	0.283
4.842	0.283
4.843	0.283
4.844	0.283
4.845	0.283
4.846	0.283
4.847	0.283
4.848	0.283
4.849	0.283
4.850	0.283
4.851	0.283
4.852	0.284
4.853	0.284
4.854	0.284
4.855	0.284
4.856	0.284
4.857	0.284
4.858	0.284
4.859	0.284
4.860	0.284
4.861	0.284
4.862	0.284
4.863	0.284
4.864	0.284
4.865	0.284
4.866	0.284
4.867	0.284
4.868	0.285
4.869	0.285
4.870	0.285
4.871	0.285
4.872	0.285
4.873	0.285
4.874	0.285
4.875	0.285
4.876	0.285
4.877	0.285
4.878	0.285
4.879	0.285
4.880	0.285
4.881	0.285
4.882	0.285
4.883	0.285
4.884	0.285
4.885	0.286
4.886	0.286
4.887	0.286
4.888	0.286
4.889	0.286
4.890	0.286
4.891	0.286
4.892	0.286
4.893	0.286
4.894	0.286
4.895	0.286
4.896	0.286
4.897	0.286
4.898	0.286
4.899	0.286
4.900	0.286
4.901	0.286
4.902	0.287
4.903	0.287
4.904	0.287
4.905	0.287
4.906	0.287
4.907	0.287
4.908	0.287
4.909	0.287
4.910	0.287
4.911	0.287
4.912	0.287
4.913	0.287
4.914	0.287
4.915	0.287
4.916	0.287
4.917	0.287
4.918	0.288
4.919	0.288
4.920	0.288
4.921	0.288
4.922	0.288
4.923	0.288
4.924	0.288
4.925	0.288
4.926	0.288
4.927	0.288
4.928	0.288
4.929	0.288
4.930	0.288
4.931	0.288
4.932	0.288
4.933	0.288
4.934	0.288
4.935	0.289
4.936	0.289
4.937	0.289
4.938	0.289
4.939	0.289
4.940	0.289
4.941	0.289
4.942	0.289
4.943	0.289
4.944	0.289
4.945	0.289
4.946	0.289
4.947	0.289
4.948	0.289
4.949	0.289
4.950	0.289
4.951	0.289
4.952	0.290
4.953	0.290
4.954	0.290
4.955	0.290
4.956	0.290
4.957	0.290
4.958	0.290
4.959	0.290
4.960	0.290
4.961	0.290
4.962	0.290
4.963	0.290
4.964	0.290
4.965	0.290
4.966	0.290
4.967	0.290
4.968	0.291
4.969	0.291
4.970	0.291
4.971	0.291
4.972	0.291
4.973	0.291
4.974	0.291
4.975	0.291
4.976	0.291
4.977	0.291
4.978	0.291
4.979	0.291
4.980	0.291
4.981	0.291
4.982	0.291
4.983	0.291
4.984	0.291
4.985	0.292
4.986	0.292
4.987	0.292
4.988	0.292
4.989	0.292
4.990	0.292
4.991	0.292
4.992	0.292
4.993	0.292
4.994	0.292
4.995	0.292
4.996	0.292
4.997	0.292
4.998	0.292
4.999	0.292
5.000	0.292
5.001	0.292
5.002	0.293
5.003	0.293
5.004	0.293
5.005	0.293
5.006	0.293
5.007	0.293
5.008	0.293
5.009	0.293
5.010	0.293
5.011	0.293
5.012	0.293
5.013	0.293
5.014	0.293
5.015	0.293
5.016	0.293
5.017	0.293
5.018	0.294
5.019	0.294
5.020	0.294
5.021	0.294
5.022	0.294
5.023	0.294
5.024	0.294
5.025	0.294
5.026	0.294
5.027	0.294
5.028	0.294
5.029	0.294
5.030	0.294
5.031	0.294
5.032	0.294
5.033	0.294
5.034	0.294
5.035	0.295
5.036	0.295
5.037	0.295
5.038	0.295
5.039	0.295
5.040	0.295
5.041	0.295
5.042	0.295
5.043	0.295
5.044	0.295
5.045	0.295
5.046	0.295
5.047	0.295
5.048	0.295
5.049	0.295
5.050	0.295
5.051	0.295
5.052	0.296
5.053	0.296
5.054	0.296
5.055	0.296
5.056	0.296
5.057	0.296
5.058	0.296
5.059	0.296
5.060	0.296
5.061	0.296
5.062	0.296
5.063	0.296
5.064	0.296
5.065	0.296
5.066	0.296
5.067	0.296
5.068	0.297
5.069	0.297
5.070	0.297
5.071	0.297
5.072	0.297
5.073	0.297
5.074	0.297
5.075	0.297
5.076	0.297
5.077	0.297
5.078	0.297
5.079	0.297
5.080	0.297
5.081	0.297
5.082	0.297
5.083	0.297
5.084	0.297
5.085	0.298
5.086	0.298
5.087	0.298
5.088	0.298
5.089	0.298
5.090	0.298
5.091	0.298
5.092	0.298
5.093	0.298
5.094	0.298
5.095	0.298
5.096	0.298
5.097	0.298
5.098	0.298
5.099	0.298
5.100	0.298
5.101	0.298
5.102	0.299
5.103	0.299
5.104	0.299
5.105	0.299
5.106	0.299
5.107	0.299
5.108	0.299
5.109	0.299
5.110	0.299
5.111	0.299
5.112	0.299
5.113	0.299
5.114	0.299
5.115	0.299
5.116	0.299
5.117	0.299
5.118	0.299
5.119	0.300
5.120	0.300
5.121	0.300
5.122	0.300
5.123	0.300
5.124	0.300
5.125	0.300
5.126	0.300
5.127	0.300
5.128	0.300
5.129	0.300
5.130	0.300
5.131	0.300
5.132	0.300
5.133	0.300
5.134	0.300
5.135	0.301
5.136	0.301
5.137	0.301
5.138	0.301
5.139	0.301
5.140	0.301
5.141	0.301
5.142	0.301
5.143	0.301
5.144	0.301
5.145	0.301
5.146	0.301
5.147	0.301
5.148	0.301
5.149	0.301
5.150	0.301
5.151	0.301
5.152	0.302
5.153	0.302
5.154	0.302
5.155	0.302
5.156	0.302
5.157	0.302
5.158	0.302
5.159	0.302
5.160	0.302
5.161	0.302
5.162	0.302
5.163	0.302
5.164	0.302
5.165	0.302
5.166	0.302
5.167	0.302
5.168	0.302
5.169	0.303
5.170	0.303
5.171	0.303
5.172	0.303
5.173	0.303
5.174	0.303
5.175	0.303
5.176	0.303
5.177	0.303
5.178	0.303
5.179	0.303
5.180	0.303
5.181	0.303
5.182	0.303
5.183	0.303
5.184	0.303
5.185	0.304
5.186	0.304
5.187	0.304
5.188	0.304
5.189	0.304
5.190	0.304
5.191	0.304
5.192	0.304
5.193	0.304
5.194	0.304
5.195	0.304
5.196	0.304
5.197	0.304
5.198	0.304
5.199	0.304
5.200	0.304
5.201	0.304
5.202	0.305
5.203	0.305
5.204	0.305
5.205	0.305
5.206	0.305
5.207	0.305
5.208	0.305
5.209	0.305
5.210	0.305
5.211	0.305
5.212	0.305
5.213	0.305
5.214	0.305
5.215	0.305
5.216	0.305
5.217	0.305
5.218	0.305
5.219	0.306
5.220	0.306
5.221	0.306
5.222	0.306
5.223	0.306
5.224	0.306
5.225	0.306
5.226	0.306
5.227	0.306
5.228	0.306
5.229	0.306
5.230	0.306
5.231	0.306
5.232	0.306
5.233	0.306
5.234	0.306
5.235	0.307
5.236	0.307
5.237	0.307
5.238	0.307
5.239	0.307
5.240	0.307
5.241	0.307
5.242	0.307
5.243	0.307
5.244	0.307
5.245	0.307
5.246	0.307
5.247	0.307
5.248	0.307
5.249	0.307
5.250	0.307
5.251	0.307
5.252	0.308
5.253	0.308
5.254	0.308
5.255	0.308
5.256	0.308
5.257	0.308
5.258	0.308
5.259	0.308
5.260	0.308
5.261	0.308
5.262	0.308
5.263	0.308
5.264	0.308
5.265	0.308
5.266	0.308
5.267	0.308
5.268	0.308
5.269	0.309
5.270	0.309
5.271	0.309
5.272	0.309
5.273	0.309
5.274	0.309
5.275	0.309
5.276	0.309
5.277	0.309
5.278	0.309
5.279	0.309
5.280	0.309
5.281	0.309
5.282	0.309
5.283	0.309
5.284	0.309
5.285	0.310
5.286	0.310
5.287	0.310
5.288	0.310
5.289	0.310
5.290	0.310
5.291	0.310
5.292	0.310
5.293	0.310
5.294	0.310
5.295	0.310
5.296	0.310
5.297	0.310
5.298	0.310
5.299	0.310
5.300	0.310
5.301	0.310
5.302	0.311
5.303	0.311
5.304	0.311
5.305	0.311
5.306	0.311
5.307	0.311
5.308	0.311
5.309	0.311
5.310	0.311
5.311	0.311
5.312	0.311
5.313	0.311
5.314	0.311
5.315	0.311
5.316	0.311
5.317	0.311
5.318	0.311
5.319	0.312
5.320	0.312
5.321	0.312
5.322	0.312
5.323	0.312
5.324	0.312
5.325	0.312
5.326	0.312
5.327	0.312
5.328	0.312
5.329	0.312
5.330	0.312
5.331	0.312
5.332	0.312
5.333	0.312
5.334	0.312
5.335	0.313
5.336	0.313
5.337	0.313
5.338	0.313
5.339	0.313
5.340	0.313
5.341	0.313
5.342	0.313
5.343	0.313
5.344	0.313
5.345	0.313
5.346	0.313
5.347	0.313
5.348	0.313
5.349	0.313
5.350	0.313
5.351	0.313
5.352	0.314
5.353	0.314
5.354	0.314
5.355	0.314
5.356	0.314
5.357	0.314
5.358	0.314
5.359	0.314
5.360	0.314
5.361	0.314
5.362	0.314
5.363	0.314
5.364	0.314
5.365	0.314
5.366	0.314
5.367	0.314
5.368	0.314
5.369	0.315
5.370	0.315
5.371	0.315
5.372	0.315
5.373	0.315
5.374	0.315
5.375	0.315
5.376	0.315
5.377	0.315
5.378	0.315
5.379	0.315
5.380	0.315
5.381	0.315
5.382	0.315
5.383	0.315
5.384	0.315
5.385	0.315
5.386	0.316
5.387	0.316
5.388	0.316
5.389	0.316
5.390	0.316
5.391	0.316
5.392	0.316
5.393	0.316
5.394	0.316
5.395	0.316
5.396	0.316
5.397	0.316
5.398	0.316
5.399	0.316
5.400	0.316
5.401	0.316
5.402	0.317
5.403	0.317
5.404	0.317
5.405	0.317
5.406	0.317
5.407	0.317
5.408	0.317
5.409	0.317
5.410	0.317
5.411	0.317
5.412	0.317
5.413	0.317
5.414	0.317
5.415	0.317
5.416	0.317
5.417	0.317
5.418	0.317
5.419	0.318
5.420	0.318
5.421	0.318
5.422	0.318
5.423	0.318
5.424	0.318
5.425	0.318
5.426	0.318
5.427	0.318
5.428	0.318
5.429	0.318
5.430	0.318
5.431	0.318
5.432	0.318
5.433	0.318
5.434	0.318
5.435	0.318
5.436	0.319
5.437	0.319
5.438	0.319
5.439	0.319
5.440	0.319
5.441	0.319
5.442	0.319
5.443	0.319
5.444	0.319
5.445	0.319
5.446	0.319
5.447	0.319
5.448	0.319
5.449	0.319
5.450	0.319
5.451	0.319
5.452	0.320
5.453	0.320
5.454	0.320
5.455	0.320
5.456	0.320
5.457	0.320
5.458	0.320
5.459	0.320
5.460	0.320
5.461	0.320
5.462	0.320
5.463	0.320
5.464	0.320
5.465	0.320
5.466	0.320
5.467	0.320
5.468	0.320
5.469	0.321
5.470	0.321
5.471	0.321
5.472	0.321
5.473	0.321
5.474	0.321
5.475	0.321
5.476	0.321
5.477	0.321
5.478	0.321
5.479	0.321
5.480	0.321
5.481	0.321
5.482	0.321
5.483	0.321
5.484	0.321
5.485	0.321
5.486	0.322
5.487	0.322
5.488	0.322
5.489	0.322
5.490	0.322
5.491	0.322
5.492	0.322
5.493	0.322
5.494	0.322
5.495	0.322
5.496	0.322
5.497	0.322
5.498	0.322
5.499	0.322
5.500	0.322
5.501	0.322
5.502	0.323
5.503	0.323
5.504	0.323
5.505	0.323
5.506	0.323
5.507	0.323
5.508	0.323
5.509	0.323
5.510	0.323
5.511	0.323
5.512	0.323
5.513	0.323
5.514	0.323
5.515	0.323
5.516	0.323
5.517	0.323
5.518	0.323
5.519	0.324
5.520	0.324
5.521	0.324
5.522	0.324
5.523	0.324
5.524	0.324
5.525	0.324
5.526	0.324
5.527	0.324
5.528	0.324
5.529	0.324
5.530	0.324
5.531	0.324
5.532	0.324
5.533	0.324
5.534	0.324
5.535	0.324
5.536	0.325
5.537	0.325
5.538	0.325
5.539	0.325
5.540	0.325
5.541	0.325
5.542	0.325
5.543	0.325
5.544	0.325
5.545	0.325
5.546	0.325
5.547	0.325
5.548	0.325
5.549	0.325
5.550	0.325
5.551	0.325
5.552	0.326
5.553	0.326
5.554	0.326
5.555	0.326
5.556	0.326
5.557	0.326
5.558	0.326
5.559	0.326
5.560	0.326
5.561	0.326
5.562	0.326
5.563	0.326
5.564	0.326
5.565	0.326
5.566	0.326
5.567	0.326
5.568	0.326
5.569	0.327
5.570	0.327
5.571	0.327
5.572	0.327
5.573	0.327
5.574	0.327
5.575	0.327
5.576	0.327
5.577	0.327
5.578	0.327
5.579	0.327
5.580	0.327
5.581	0.327
5.582	0.327
5.583	0.327
5.584	0.327
5.585	0.327
5.586	0.328
5.587	0.328
5.588	0.328
5.589	0.328
5.590	0.328
5.591	0.328
5.592	0.328
5.593	0.328
5.594	0.328
5.595	0.328
5.596	0.328
5.597	0.328
5.598	0.328
5.599	0.328
5.600	0.328
5.601	0.328
5.602	0.329
5.603	0.329
5.604	0.329
5.605	0.329
5.606	0.329
5.607	0.329
5.608	0.329
5.609	0.329
5.610	0.329
5.611	0.329
5.612	0.329
5.613	0.329
5.614	0.329
5.615	0.329
5.616	0.329
5.617	0.329
5.618	0.329
5.619	0.330
5.620	0.330
5.621	0.330
5.622	0.330
5.623	0.330
5.624	0.330
5.625	0.330
5.626	0.330
5.627	0.330
5.628	0.330
5.629	0.330
5.630	0.330
5.631	0.330
5.632	0.330
5.633	0.330
5.634	0.330
5.635	0.330
5.636	0.331
5.637	0.331
5.638	0.331
5.639	0.331
5.640	0.331
5.641	0.331
5.642	0.331
5.643	0.331
5.644	0.331
5.645	0.331
5.646	0.331
5.647	0.331
5.648	0.331
5.649	0.331
5.650	0.331
5.651	0.331
5.652	0.332
5.653	0.332
5.654	0.332
5.655	0.332
5.656	0.332
5.657	0.332
5.658	0.332
5.659	0.332
5.660	0.332
5.661	0.332
5.662	0.332
5.663	0.332
5.664	0.332
5.665	0.332
5.666	0.332
5.667	0.332
5.668	0.332
5.669	0.333
5.670	0.333
5.671	0.333
5.672	0.333
5.673	0.333
5.674	0.333
5.675	0.333
5.676	0.333
5.677	0.333
5.678	0.333
5.679	0.333
5.680	0.333
5.681	0.333
5.682	0.333
5.683	0.333
5.684	0.333
5.685	0.333
5.686	0.334
5.687	0.334
5.688	0.334
5.689	0.334
5.690	0.334
5.691	0.334
5.692	0.334
5.693	0.334
5.694	0.334
5.695	0.334
5.696	0.334
5.697	0.334
5.698	0.334
5.699	0.334
5.700	0.334
5.701	0.334
5.702	0.334
5.703	0.335
5.704	0.335
5.705	0.335
5.706	0.335
5.707	0.335
5.708	0.335
5.709	0.335
5.710	0.335
5.711	0.335
5.712	0.335
5.713	0.335
5.714	0.335
5.715	0.335
5.716	0.335
5.717	0.335
5.718	0.335
5.719	0.336
5.720	0.336
5.721	0.336
5.722	0.336
5.723	0.336
5.724	0.336
5.725	0.336
5.726	0.336
5.727	0.336
5.728	0.336
5.729	0.336
5.730	0.336
5.731	0.336
5.732	0.336
5.733	0.336
5.734	0.336
5.735	0.336
5.736	0.337
5.737	0.337
5.738	0.337
5.739	0.337
5.740	0.337
5.741	0.337
5.742	0.337
5.743	0.337
5.744	0.337
5.745	0.337
5.746	0.337
5.747	0.337
5.748	0.337
5.749	0.337
5.750	0.337
5.751	0.337
5.752	0.337
5.753	0.338
5.754	0.338
5.755	0.338
5.756	0.338
5.757	0.338
5.758	0.338
5.759	0.338
5.760	0.338
5.761	0.338
5.762	0.338
5.763	0.338
5.764	0.338
5.765	0.338
5.766	0.338
5.767	0.338
5.768	0.338
5.769	0.339
5.770	0.339
5.771	0.339
5.772	0.339
5.773	0.339
5.774	0.339
5.775	0.339
5.776	0.339
5.777	0.339
5.778	0.339
5.779	0.339
5.780	0.339
5.781	0.339
5.782	0.339
5.783	0.339
5.784	0.339
5.785	0.339
5.786	0.340
5.787	0.340
5.788	0.340
5.789	0.340
5.790	0.340
5.791	0.340
5.792	0.340
5.793	0.340
5.794	0.340
5.795	0.340
5.796	0.340
5.797	0.340
5.798	0.340
5.799	0.340
5.800	0.340
5.801	0.340
5.802	0.340
5.803	0.341
5.804	0.341
5.805	0.341
5.806	0.341
5.807	0.341
5.808	0.341
5.809	0.341
5.810	0.341
5.811	0.341
5.812	0.341
5.813	0.341
5.814	0.341
5.815	0.341
5.816	0.341
5.817	0.341
5.818	0.341
5.819	0.342
5.820	0.342
5.821	0.342
5.822	0.342
5.823	0.342
5.824	0.342
5.825	0.342
5.826	0.342
5.827	0.342
5.828	0.342
5.829	0.342
5.830	0.342
5.831	0.342
5.832	0.342
5.833	0.342
5.834	0.342
5.835	0.342
5.836	0.343
5.837	0.343
5.838	0.343
5.839	0.343
5.840	0.343
5.841	0.343
5.842	0.343
5.843	0.343
5.844	0.343
5.845	0.343
5.846	0.343
5.847	0.343
5.848	0.343
5.849	0.343
5.850	0.343
5.851	0.343
5.852	0.343
5.853	0.344
5.854	0.344
5.855	0.344
5.856	0.344
5.857	0.344
5.858	0.344
5.859	0.344
5.860	0.344
5.861	0.344
5.862	0.344
5.863	0.344
5.864	0.344
5.865	0.344
5.866	0.344
5.867	0.344
5.868	0.344
5.869	0.345
5.870	0.345
5.871	0.345
5.872	0.345
5.873	0.345
5.874	0.345
5.875	0.345
5.876	0.345
5.877	0.345
5.878	0.345
5.879	0.345
5.880	0.345
5.881	0.345
5.882	0.345
5.883	0.345
5.884	0.345
5.885	0.345
5.886	0.346
5.887	0.346
5.888	0.346
5.889	0.346
5.890	0.346
5.891	0.346
5.892	0.346
5.893	0.346
5.894	0.346
5.895	0.346
5.896	0.346
5.897	0.346
5.898	0.346
5.899	0.346
5.900	0.346
5.901	0.346
5.902	0.346
5.903	0.347
5.904	0.347
5.905	0.347
5.906	0.347
5.907	0.347
5.908	0.347
5.909	0.347
5.910	0.347
5.911	0.347
5.912	0.347
5.913	0.347
5.914	0.347
5.915	0.347
5.916	0.347
5.917	0.347
5.918	0.347
5.919	0.347
5.920	0.348
5.921	0.348
5.922	0.348
5.923	0.348
5.924	0.348
5.925	0.348
5.926	0.348
5.927	0.348
5.928	0.348
5.929	0.348
5.930	0.348
5.931	0.348
5.932	0.348
5.933	0.348
5.934	0.348
5.935	0.348
5.936	0.349
5.937	0.349
5.938	0.349
5.939	0.349
5.940	0.349
5.941	0.349
5.942	0.349
5.943	0.349
5.944	0.349
5.945	0.349
5.946	0.349
5.947	0.349
5.948	0.349
5.949	0.349
5.950	0.349
5.951	0.349
5.952	0.349
5.953	0.350
5.954	0.350
5.955	0.350
5.956	0.350
5.957	0.350
5.958	0.350
5.959	0.350
5.960	0.350
5.961	0.350
5.962	0.350
5.963	0.350
5.964	0.350
5.965	0.350
5.966	0.350
5.967	0.350
5.968	0.350
5.969	0.350
5.970	0.351
5.971	0.351
5.972	0.351
5.973	0.351
5.974	0.351
5.975	0.351
5.976	0.351
5.977	0.351
5.978	0.351
5.979	0.351
5.980	0.351
5.981	0.351
5.982	0.351
5.983	0.351
5.984	0.351
5.985	0.351
5.986	0.352
5.987	0.352
5.988	0.352
5.989	0.352
5.990	0.352
5.991	0.352
5.992	0.352
5.993	0.352
5.994	0.352
5.995	0.352
5.996	0.352
5.997	0.352
5.998	0.352
5.999	0.352
6.000	0.352
6.001	0.352
