0.010	0.069
0.020	0.065
0.030	0.061
0.040	0.058
0.050	0.054
0.060	0.051
0.070	0.048
0.080	0.045
0.090	0.042
0.100	0.040
0.110	0.037
0.120	0.035
0.130	0.033
0.140	0.031
0.150	0.029
0.160	0.027
0.170	0.026
0.180	0.024
0.190	0.023
0.200	0.021
0.210	0.020
0.220	0.019
0.230	0.018
0.240	0.017
0.250	0.016
0.260	0.015
0.270	0.014
0.280	0.013
0.290	0.012
0.300	0.012
0.310	0.011
0.320	0.010
0.330	0.010
0.340	0.009
0.350	0.008
0.360	0.008
0.370	0.007
0.380	0.007
0.390	0.007
0.400	0.006
0.410	0.006
0.420	0.005
0.430	0.005
0.440	0.005
0.450	0.005
0.460	0.004
0.470	0.004
0.480	0.004
0.490	0.004
0.500	0.003
0.510	0.003
0.520	0.003
0.530	0.003
0.540	0.003
0.550	0.002
0.560	0.002
0.570	0.002
0.580	0.002
0.590	0.002
0.600	0.002
0.610	0.002
0.620	0.002
0.630	0.001
0.640	0.001
0.650	0.001
0.660	0.001
0.670	0.001
0.680	0.001
0.690	0.001
0.700	0.001
0.710	0.001
0.720	0.001
0.730	0.001
0.740	0.001
0.750	0.001
0.760	0.001
0.770	0.001
0.780	0.001
0.790	0.001
0.800	0.001
0.810	0.000
0.820	0.000
0.830	0.000
0.840	0.000
0.850	0.000
0.860	0.000
0.870	0.000
0.880	0.000
0.890	0.000
0.900	0.000
0.910	0.000
0.920	0.000
0.930	0.000
0.940	0.000
0.950	0.000
0.960	0.000
0.970	0.000
0.980	0.000
0.990	0.000
1.000	0.000
1.010	0.000
1.020	0.000
1.030	0.000
1.040	0.000
1.050	0.000
1.060	0.000
1.070	0.000
1.080	0.000
1.090	0.000
1.100	0.000
1.110	0.000
1.120	0.000
1.130	0.000
1.140	0.000
1.150	0.000
1.160	0.000
1.170	0.000
1.180	0.000
1.190	0.000
1.200	0.000
1.210	0.000
1.220	0.000
1.230	0.000
1.240	0.000
1.250	0.000
1.260	0.000
1.270	0.000
1.280	0.000
1.290	0.000
1.300	0.000
1.310	0.000
1.320	0.000
1.330	0.000
1.340	0.000
1.350	0.000
1.360	0.000
1.370	0.000
1.380	0.000
1.390	0.000
1.400	0.000
1.410	0.000
1.420	0.000
1.430	0.000
1.440	0.000
1.450	0.000
1.460	0.000
1.470	0.000
1.480	0.000
1.490	0.000
1.500	0.000
1.510	0.000
1.520	0.000
1.530	0.000
1.540	0.000
1.550	0.000
1.560	0.000
1.570	0.000
1.580	0.000
1.590	0.000
1.600	0.000
1.610	0.000
1.620	0.000
1.630	0.000
1.640	0.000
1.650	0.000
1.660	0.000
1.670	0.000
1.680	0.000
1.690	0.000
1.700	0.000
1.710	0.000
1.720	0.000
1.730	0.000
1.740	0.000
1.750	0.000
1.760	0.000
1.770	0.000
1.780	0.000
1.790	0.000
1.800	0.000
1.810	0.000
1.820	0.000
1.830	0.000
1.840	0.000
1.850	0.000
1.860	0.000
1.870	0.000
1.880	0.000
1.890	0.000
1.900	0.000
1.910	0.000
1.920	0.000
1.930	0.000
1.940	0.000
1.950	0.000
1.960	0.000
1.970	0.000
1.980	0.000
1.990	0.000
2.000	0.000
2.010	0.000
2.020	0.000
2.030	0.000
2.040	0.000
2.050	0.000
2.060	0.000
2.070	0.000
2.080	0.000
2.090	0.000
2.100	0.000
2.110	0.000
2.120	0.000
2.130	0.000
2.140	0.000
2.150	0.000
2.160	0.000
2.170	0.000
2.180	0.000
2.190	0.000
2.200	0.000
2.210	0.000
2.220	0.000
2.230	0.000
2.240	0.000
2.250	0.000
2.260	0.000
2.270	0.000
2.280	0.000
2.290	0.000
2.300	0.000
2.310	0.000
2.320	0.000
2.330	0.000
2.340	0.000
2.350	0.000
2.360	0.000
2.370	0.000
2.380	0.000
2.390	0.000
2.400	0.000
2.410	0.000
2.420	0.000
2.430	0.000
2.440	0.000
2.450	0.000
2.460	0.000
2.470	0.000
2.480	0.000
2.490	0.000
2.500	0.000
2.510	0.000
2.520	0.000
2.530	0.000
2.540	0.000
2.550	0.000
2.560	0.000
2.570	0.000
2.580	0.000
2.590	0.000
2.600	0.000
2.610	0.000
2.620	0.000
2.630	0.000
2.640	0.000
2.650	0.000
2.660	0.000
2.670	0.000
2.680	0.000
2.690	0.000
2.700	0.000
2.710	0.000
2.720	0.000
2.730	0.000
2.740	0.000
2.750	0.000
2.760	0.000
2.770	0.000
2.780	0.000
2.790	0.000
2.800	0.000
2.810	0.000
2.820	0.000
2.830	0.000
2.840	0.000
2.850	0.000
2.860	0.000
2.870	0.000
2.880	0.000
2.890	0.000
2.900	0.000
2.910	0.000
2.920	0.000
2.930	0.000
2.940	0.000
2.950	0.000
2.960	0.000
2.970	0.000
2.980	0.000
2.990	0.000
3.000	0.000
3.010	0.000
3.020	0.000
3.030	0.000
3.040	0.000
3.050	0.000
3.060	0.000
3.070	0.000
3.080	0.000
3.090	0.000
3.100	0.000
3.110	0.000
3.120	0.000
3.130	0.000
3.140	0.000
3.150	0.000
3.160	0.000
3.170	0.000
3.180	0.000
3.190	0.000
3.200	0.000
3.210	0.000
3.220	0.000
3.230	0.000
3.240	0.000
3.250	0.000
3.260	0.000
3.270	0.000
3.280	0.000
3.290	0.000
3.300	0.000
3.310	0.000
3.320	0.000
3.330	0.000
3.340	0.000
3.350	0.000
3.360	0.000
3.370	0.000
3.380	0.000
3.390	0.000
3.400	0.000
3.410	0.000
3.420	0.000
3.430	0.000
3.440	0.000
3.450	0.000
3.460	0.000
3.470	0.000
3.480	0.000
3.490	0.000
3.500	0.000
3.510	0.000
3.520	0.000
3.530	0.000
3.540	0.000
3.550	0.000
3.560	0.000
3.570	0.000
3.580	0.000
3.590	0.000
3.600	0.000
3.610	0.000
3.620	0.000
3.630	0.000
3.640	0.000
3.650	0.000
3.660	0.000
3.670	0.000
3.680	0.000
3.690	0.000
3.700	0.000
3.710	0.000
3.720	0.000
3.730	0.000
3.740	0.000
3.750	0.000
3.760	0.000
3.770	0.000
3.780	0.000
3.790	0.000
3.800	0.000
3.810	0.000
3.820	0.000
3.830	0.000
3.840	0.000
3.850	0.000
3.860	0.000
3.870	0.000
3.880	0.000
3.890	0.000
3.900	0.000
3.910	0.000
3.920	0.000
3.930	0.000
3.940	0.000
3.950	0.000
3.960	0.000
3.970	0.000
3.980	0.000
3.990	0.000
4.000	0.000
4.010	0.000
4.020	0.000
4.030	0.000
4.040	0.000
4.050	0.000
4.060	0.000
4.070	0.000
4.080	0.000
4.090	0.000
4.100	0.000
4.110	0.000
4.120	0.000
4.130	0.000
4.140	0.000
4.150	0.000
4.160	0.000
4.170	0.000
4.180	0.000
4.190	0.000
4.200	0.000
4.210	0.000
4.220	0.000
4.230	0.000
4.240	0.000
4.250	0.000
4.260	0.000
4.270	0.000
4.280	0.000
4.290	0.000
4.300	0.000
4.310	0.000
4.320	0.000
4.330	0.000
4.340	0.000
4.350	0.000
4.360	0.000
4.370	0.000
4.380	0.000
4.390	0.000
4.400	0.000
4.410	0.000
4.420	0.000
4.430	0.000
4.440	0.000
4.450	0.000
4.460	0.000
4.470	0.000
4.480	0.000
4.490	0.000
4.500	0.000
4.510	0.000
4.520	0.000
4.530	0.000
4.540	0.000
4.550	0.000
4.560	0.000
4.570	0.000
4.580	0.000
4.590	0.000
4.600	0.000
4.610	0.000
4.620	0.000
4.630	0.000
4.640	0.000
4.650	0.000
4.660	0.000
4.670	0.000
4.680	0.000
4.690	0.000
4.700	0.000
4.710	0.000
4.720	0.000
4.730	0.000
4.740	0.000
4.750	0.000
4.760	0.000
4.770	0.000
4.780	0.000
4.790	0.000
4.800	0.000
4.810	0.000
4.820	0.000
4.830	0.000
4.840	0.000
4.850	0.000
4.860	0.000
4.870	0.000
4.880	0.000
4.890	0.000
4.900	0.000
4.910	0.000
4.920	0.000
4.930	0.000
4.940	0.000
4.950	0.000
4.960	0.000
4.970	0.000
4.980	0.000
4.990	0.000
5.000	0.000
5.010	0.000
5.020	0.000
5.030	0.000
5.040	0.000
5.050	0.000
5.060	0.000
5.070	0.000
5.080	0.000
5.090	0.000
5.100	0.000
5.110	0.000
5.120	0.000
5.130	0.000
5.140	0.000
5.150	0.000
5.160	0.000
5.170	0.000
5.180	0.000
5.190	0.000
5.200	0.000
5.210	0.000
5.220	0.000
5.230	0.000
5.240	0.000
5.250	0.000
5.260	0.000
5.270	0.000
5.280	0.000
5.290	0.000
5.300	0.000
5.310	0.000
5.320	0.000
5.330	0.000
5.340	0.000
5.350	0.000
5.360	0.000
5.370	0.000
5.380	0.000
5.390	0.000
5.400	0.000
5.410	0.000
5.420	0.000
5.430	0.000
5.440	0.000
5.450	0.000
5.460	0.000
5.470	0.000
5.480	0.000
5.490	0.000
5.500	0.000
5.510	0.000
5.520	0.000
5.530	0.000
5.540	0.000
5.550	0.000
5.560	0.000
5.570	0.000
5.580	0.000
5.590	0.000
5.600	0.000
5.610	0.000
5.620	0.000
5.630	0.000
5.640	0.000
5.650	0.000
5.660	0.000
5.670	0.000
5.680	0.000
5.690	0.000
5.700	0.000
5.710	0.000
5.720	0.000
5.730	0.000
5.740	0.000
5.750	0.000
5.760	0.000
5.770	0.000
5.780	0.000
5.790	0.000
5.800	0.000
5.810	0.000
5.820	0.000
5.830	0.000
5.840	0.000
5.850	0.000
5.860	0.000
5.870	0.000
5.880	0.000
5.890	0.000
5.900	0.000
5.910	0.000
5.920	0.000
5.930	0.000
5.940	0.000
5.950	0.000
5.960	0.000
5.970	0.000
5.980	0.000
5.990	0.000
6.000	0.000
