0.1		0
0.2		0.1060921239
0.3		0.2461719299
0.4		0.4177882342
0.5		0.6186599651
0.6		0.8466643722
0.7		1.058240053
0.8		1.254527126
0.9		1.436586689
1		1.605406289
1.1		1.761905023
1.2		1.906938282
1.3		2.041302167
1.4		2.165737598
1.5		2.280934139
1.6		2.387533556
1.7		2.486133131
1.8		2.577288746
1.9		2.66151775
2		2.739301634
2.1		2.81108851
2.2		2.877295432
2.3		2.938310542
2.4		2.994495076
2.5		3.046185233
2.6		3.093693904
2.7		3.137312292
2.8		3.177311411
2.9		3.21394349
3		3.247443273
3.1		3.278029229
3.2		3.305904684
3.3		3.331258866
3.4		3.354267886
3.5		3.375095645
3.6		3.393894682
3.7		3.410806958
3.8		3.425964593
3.9		3.439490548
4		3.451499256
4.1		3.462097217
4.2		3.471383546
4.3		3.479450485
4.4		3.48638388
4.5		3.492263624
4.6		3.49716407
4.7		3.501154413
4.8		3.50429905
4.9		3.506657913
5		3.508286773
5.1		3.509237538
5.2		3.509558511
5.3		3.509294645
5.4		3.508487776
5.5		3.507176835
5.6		3.505398053
5.7		3.503185147
5.8		3.500569494
5.9		3.497580293
6		3.494244716
6.1		3.532174049
6.2		3.608413433
6.3		3.72021303
6.4		3.865013811
6.5		4.040434331
6.6		4.244258421
6.7		4.432837732
6.8		4.60723146
6.9		4.768425386
7		4.917336957
7.1		5.054820027
7.2		5.181669263
7.3		5.29862425
7.4		5.406373304
7.5		5.505557029
7.6		5.596771622
7.7		5.680571953
7.8		5.757474426
7.9		5.827959651
8		5.892474916
8.1		5.951436507
8.2		6.005231847
8.3		6.054221504
8.4		6.098741047
8.5		6.139102782
8.6		6.175597365
8.7		6.208495298
8.8		6.23804833
8.9		6.264490756
9		6.288040625
9.1		6.30890087
9.2		6.327260351
9.3		6.343294832
9.4		6.35716789
9.5		6.36903176
9.6		6.379028118
9.7		6.387288816
9.8		6.393936562
9.9		6.399085552
10		6.402842063
10.1		6.405305
10.2		6.406566408
10.3		6.406711945
10.4		6.405821329
10.5		6.403968745
10.6		6.401223231
10.7		6.397649037
10.8		6.393305952
10.9		6.388249616
11		6.382531808
11.1		6.376200711
11.2		6.369301165
11.3		6.361874896
11.4		6.353960732
11.5		6.345594806
11.6		6.33681074
11.7		6.327639819
11.8		6.318111159
11.9		6.308251847
12		6.298087091
12.1		6.329226345
12.2		6.398713043
12.3		6.503795757
12.4		6.641913974
12.5		6.810684866
12.6		7.007890976
12.7		7.189882753
12.8		7.357718272
12.9		7.512382267
13		7.654791212
13.1		7.785798049
13.2		7.906196599
13.3		8.01672565
13.4		8.11807278
13.5		8.210877902
13.6		8.295736569
13.7		8.373203046
13.8		8.443793176
13.9		8.50798704
14		8.566231436
14.1		8.618942188
14.2		8.666506291
14.3		8.709283907
14.4		8.747610229
14.5		8.781797211
14.6		8.812135176
14.7		8.838894316
14.8		8.86232609
14.9		8.88266452
15		8.900127398
15.1		8.914917417
15.2		8.92722321
15.3		8.937220329
15.4		8.945072151
15.5		8.950930723
15.6		8.954937543
15.7		8.957224296
15.8		8.957913532
15.9		8.957119298
16		8.954947731
16.1		8.951497602
16.2		8.946860829
16.3		8.941122953
16.4		8.934363576
16.5		8.926656778
16.6		8.918071495
16.7		8.908671877
16.8		8.898517622
16.9		8.887664282
17		8.876163552
17.1		8.864063534
17.2		8.851408992
17.3		8.838241578
17.4		8.824600049
17.5		8.81052047
17.6		8.796036398
17.7		8.781179058
17.8		8.765977501
17.9		8.750458759
18		8.734647983
18.1		8.760154573
18.2		8.82402191
18.3		8.923498515
18.4		9.056023825
18.5		9.219214967
18.6		9.410854434
18.7		9.58729263
18.8		9.749587587
18.9		9.898723995
19		10.03561829
19.1		10.16112336
19.2		10.276033
19.3		10.38108595
19.4		10.47696975
19.5		10.56432428
19.6		10.64374506
19.7		10.7157863
19.8		10.78096382
19.9		10.83975767
20		10.8926146
20.1		10.9399504
20.2		10.98215205
20.3		11.01957965
20.4		11.05256839
20.5		11.08143017
20.6		11.10645528
20.7		11.12791389
20.8		11.14605742
20.9		11.16111987
21		11.17331899
21.1		11.18285745
21.2		11.18992385
21.3		11.19469371
21.4		11.19733037
21.5		11.19798586
21.6		11.19680164
21.7		11.19390937
21.8		11.18943157
21.9		11.18348226
22		11.17616754
22.1		11.16758615
22.2		11.15782999
22.3		11.14698457
22.4		11.13512946
22.5		11.12233872
22.6		11.10868124
22.7		11.09422116
22.8		11.07901814
22.9		11.06312771
23		11.04660154
23.1		11.02948769
23.2		11.01183091
23.3		10.99367282
23.4		10.97505215
23.5		10.95600494
23.6		10.93656472
23.7		10.91676269
23.8		10.89662786
23.9		10.87618725
24		10.85546598
24.1		10.87607343
24.2		10.93505294
24.3		11.02965301
24.4		11.15731306
24.5		11.31565018
24.6		11.50244684
24.7		11.67405342
24.8		11.83152793
24.9		11.97585502
25		12.10795111
25.1		12.22866907
25.2		12.33880265
25.3		12.43909058
25.4		12.53022037
25.5		12.61283187
25.6		12.68752057
25.7		12.75484068
25.8		12.81530797
25.9		12.86940246
26		12.9175709
26.1		12.96022904
26.2		12.99776383
26.3		13.03053536
26.4		13.05887878
26.5		13.08310597
26.6		13.1035072
26.7		13.12035261
26.8		13.1338936
26.9		13.14436414
27		13.15198196
27.1		13.1569497
27.2		13.15945594
27.3		13.15967617
27.4		13.15777373
27.5		13.15390059
27.6		13.1481982
27.7		13.1407982
27.8		13.13182308
27.9		13.12138684
28		13.10959555
28.1		13.09654795
28.2		13.08233588
28.3		13.06704485
28.4		13.0507544
28.5		13.03353856
28.6		13.01546621
28.7		12.99660145
28.8		12.97700394
28.9		12.95672916
29		12.93582876
29.1		12.9143508
29.2		12.89233998
29.3		12.86983792
29.4		12.84688331
29.5		12.82351216
29.6		12.799758
29.7		12.77565199
29.8		12.75122313
29.9		12.7264984
30		12.70150291
30.1		12.71784601
30.2		12.77257103
30.3		12.86292643
30.4		12.98635162
30.5		13.14046366
30.6		13.323045
30.7		13.490446
30.8		13.64372464
30.9		13.78386556
31		13.91178514
31.1		14.02833624
31.2		14.13431259
31.3		14.23045289
31.4		14.31744464
31.5		14.39592765
31.6		14.4664974
31.7		14.52970807
31.8		14.58607541
31.9		14.63607943
32		14.68016685
32.1		14.71875339
32.2		14.75222599
32.3		14.78094471
32.4		14.80524468
32.5		14.82543777
32.6		14.84181421
32.7		14.85464414
32.8		14.86417892
32.9		14.87065249
33		14.87428259
33.1		14.87527182
33.2		14.87380873
33.3		14.87006881
33.4		14.86421535
33.5		14.85640033
33.6		14.84676517
33.7		14.83544148
33.8		14.82255174
33.9		14.80820991
34		14.79252206
34.1		14.7755869
34.2		14.75749625
34.3		14.7383356
34.4		14.71818447
34.5		14.69711686
34.6		14.67520165
34.7		14.6525029
34.8		14.62908025
34.9		14.60498918
35		14.5802813
35.1		14.55500465
35.2		14.52920393
35.3		14.50292071
35.4		14.47619367
35.5		14.44905882
35.6		14.42154965
35.7		14.39369729
35.8		14.36553075
35.9		14.33707697
36		14.30836105
36.1		14.3209923
36.2		14.37201405
36.3		14.45867475
36.4		14.57841375
36.5		14.72884813
36.6		14.9077603
36.7		15.07150061
36.8		15.22112701
36.9		15.35762413
37		15.48190833
37.1		15.59483245
37.2		15.69719019
37.3		15.78972025
37.4		15.87311008
37.5		15.94799951
37.6		16.01498397
37.7		16.07461764
37.8		16.12741624
37.9		16.17385977
38		16.21439491
38.1		16.24943739
38.2		16.2793741
38.3		16.30456511
38.4		16.32534552
38.5		16.34202717
38.6		16.3549003
38.7		16.36423499
38.8		16.37028261
38.9		16.37327709
39		16.37343613
39.1		16.37096231
39.2		16.36604418
39.3		16.35885719
39.4		16.34956463
39.5		16.33831846
39.6		16.32526007
39.7		16.31052105
39.8		16.29422387
39.9		16.27648248
40		16.25740293
40.1		16.23708389
40.2		16.21561719
40.3		16.19308827
40.4		16.16957666
40.5		16.14515634
40.6		16.11989616
40.7		16.09386017
40.8		16.06710798
40.9		16.03969506
41		16.01167301
41.1		15.98308985
41.2		15.95399025
41.3		15.92441577
41.4		15.89440508
41.5		15.86399417
41.6		15.83321649
41.7		15.80210319
41.8		15.77068322
41.9		15.73898354
42		15.70702922
42.1		15.71642955
42.2		15.76422784
42.3		15.84767252
42.4		15.96420294
42.5		16.11143614
42.6		16.28715454
42.7		16.44770844
42.8		16.59415581
42.9		16.72748123
43		16.84860106
43.1		16.95836812
43.2		17.05757609
43.3		17.14696366
43.4		17.22721826
43.5		17.2989797
43.6		17.36284339
43.7		17.4193635
43.8		17.46905574
43.9		17.51240008
44		17.54984319
44.1		17.58180079
44.2		17.60865974
44.3		17.63078011
44.4		17.64849696
44.5		17.66212213
44.6		17.67194583
44.7		17.67823815
44.8		17.68125043
44.9		17.68121657
45		17.67835426
45.1		17.67286608
45.2		17.66494056
45.3		17.65475312
45.4		17.64246704
45.5		17.62823426
45.6		17.61219616
45.7		17.59448433
45.8		17.5752212
45.9		17.5545207
46		17.53248888
46.1		17.50922439
46.2		17.48481904
46.3		17.45935827
46.4		17.43292158
46.5		17.40558293
46.6		17.37741116
46.7		17.34847031
46.8		17.31881998
46.9		17.2885156
47		17.25760878
47.1		17.22614751
47.2		17.19417644
47.3		17.16173713
47.4		17.12886823
47.5		17.09560571
47.6		17.061983
47.7		17.02803125
47.8		16.99377939
47.9		16.95925436
48		16.92448121
48.1		16.93106923
48.2		16.9760617
48.3		17.05670704
48.4		17.17044459
48.5		17.31489138
48.6		17.48782979
48.7		17.64561014
48.8		17.78929035
48.9		17.91985501
49		18.03822046
49.1		18.1452395
49.2		18.2417058
49.3		18.32835802
49.4		18.4058836
49.5		18.47492232
49.6		18.53606959
49.7		18.58987955
49.8		18.6368679
49.9		18.67751459
50		18.71226629
50.1		18.74153869
50.2		18.76571865
50.3		18.7851662
50.4		18.80021642
50.5		18.81118112
50.6		18.8183505
50.7		18.82199463
50.8		18.82236482
50.9		18.81969499
51		18.8142028
51.1		18.80609081
51.2		18.79554753
51.3		18.78274839
51.4		18.76785665
51.5		18.75102422
51.6		18.73239248
51.7		18.71209299
51.8		18.69024818
51.9		18.66697197
52		18.64237038
52.1		18.61654207
52.2		18.58957882
52.3		18.56156605
52.4		18.53258326
52.5		18.50270439
52.6		18.47199827
52.7		18.44052893
52.8		18.40835594
52.9		18.37553473
53		18.3421169
53.1		18.30815041
53.2		18.27367992
53.3		18.23874695
53.4		18.20339016
53.5		18.16764549
53.6		18.13154638
53.7		18.09512393
53.8		18.05840709
53.9		18.02142277
54		17.98419601
54.1		17.98833608
54.2		18.03088627
54.3		18.10909497
54.4		18.2204015
54.5		18.36242289
54.6		18.53294151
54.7		18.68830764
54.8		18.82957922
54.9		18.95774082
55		19.07370875
55.1		19.17833581
55.2		19.27241566
55.3		19.35668694
55.4		19.43183708
55.5		19.49850585
55.6		19.55728864
55.7		19.60873958
55.8		19.65337437
55.9		19.69167293
56		19.72408192
56.1		19.75101702
56.2		19.77286509
56.3		19.78998614
56.4		19.80271522
56.5		19.81136415
56.6		19.81622311
56.7		19.81756214
56.8		19.81563258
56.9		19.8106683
57		19.80288696
57.1		19.79249111
57.2		19.77966925
57.3		19.76459679
57.4		19.74743697
57.5		19.72834171
57.6		19.70745237
57.7		19.68490049
57.8		19.66080849
57.9		19.63529029
58		19.60845189
58.1		19.58039193
58.2		19.55120218
58.3		19.52096807
58.4		19.48976906
58.5		19.45767909
58.6		19.42476698
58.7		19.39109674
58.8		19.35672794
58.9		19.32171599
59		19.28611248
59.1		19.24996536
59.2		19.21331928
59.3		19.17621575
59.4		19.1386934
59.5		19.10078818
59.6		19.06253351
59.7		19.02396048
59.8		18.98509803
59.9		18.94597305
60		18.90661058
60.1		18.90861988
60.2		18.94904421
60.3		19.02513196
60.4		19.13432245
60.5		19.27423268
60.6		19.44264502
60.7		19.59590974
60.8		19.73508475
60.9		19.86115463
61		19.97503568
61.1		20.07758067
61.2		20.16958327
61.3		20.25178209
61.4		20.32486457
61.5		20.38947044
61.6		20.4461951
61.7		20.49559267
61.8		20.53817882
61.9		20.57443348
62		20.6048033
62.1		20.62970394
62.2		20.64952223
62.3		20.66461821
62.4		20.67532689
62.5		20.68196008
62.6		20.68480796
62.7		20.68414057
62.8		20.68020921
62.9		20.67324776
63		20.66347386
63.1		20.65109006
63.2		20.63628483
63.3		20.61923359
63.4		20.60009956
63.5		20.57903465
63.6		20.5561802
63.7		20.53166776
63.8		20.50561974
63.9		20.47815002
64		20.44936462
64.1		20.41936214
64.2		20.38823438
64.3		20.35606672
64.4		20.32293863
64.5		20.28892404
64.6		20.25409175
64.7		20.21850577
64.8		20.18222565
64.9		20.14530681
65		20.1078008
65.1		20.06975559
65.2		20.03121579
65.3		19.99222292
65.4		19.95281559
65.5		19.91302975
65.6		19.8728988
65.7		19.83245383
65.8		19.79172376
65.9		19.75073548
66		19.709514
66.1		19.70966859
66.2		19.7482425
66.3		19.8224841
66.4		19.92983271
66.5		20.06790531
66.6		20.23448426
66.7		20.38591984
66.8		20.52326993
66.9		20.6475191
67		20.75958364
67.1		20.86031633
67.2		20.95051081
67.3		21.03090569
67.4		21.10218839
67.5		21.16499864
67.6		21.21993184
67.7		21.26754207
67.8		21.30834502
67.9		21.3428206
68		21.37141544
68.1		21.3945452
68.2		21.41259672
68.3		21.42592999
68.4		21.43488004
68.5		21.43975867
68.6		21.44085603
68.7		21.43844217
68.8		21.43276837
68.9		21.42406851
69		21.41256022
69.1		21.39844602
69.2		21.3819144
69.3		21.36314076
69.4		21.3422883
69.5		21.31950893
69.6		21.29494399
69.7		21.26872501
69.8		21.24097438
69.9		21.211806
70		21.18132585
70.1		21.14963254
70.2		21.11681785
70.3		21.08296717
70.4		21.04815994
70.5		21.01247009
70.6		20.97596641
70.7		20.93871289
70.8		20.9007691
70.9		20.86219042
71		20.82302841
71.1		20.78333102
71.2		20.74314286
71.3		20.70250544
71.4		20.66145736
71.5		20.62003456
71.6		20.57827043
71.7		20.53619605
71.8		20.49384033
71.9		20.45123016
72		20.40839054
72.1		20.40693073
72.2		20.44389396
72.3		20.51652861
72.4		20.62227397
72.5		20.75874703
72.6		20.92373014
72.7		21.07357356
72.8		21.20933517
72.9		21.33199953
73		21.44248292
73.1		21.54163811
73.2		21.63025874
73.3		21.7090834
73.4		21.77879951
73.5		21.84004679
73.6		21.89342063
73.7		21.9394751
73.8		21.97872588
73.9		22.01165288
74		22.03870272
74.1		22.06029105
74.2		22.07680469
74.3		22.08860364
74.4		22.09602292
74.5		22.09937431
74.6		22.09894796
74.7		22.0950139
74.8		22.08782343
74.9		22.07761039
75		22.06459241
75.1		22.04897202
75.2		22.03093769
75.3		22.0106648
75.4		21.98831656
75.5		21.96404487
75.6		21.93799105
75.7		21.91028663
75.8		21.88105399
75.9		21.85040703
76		21.8184517
76.1		21.78528664
76.2		21.75100359
76.3		21.71568794
76.4		21.67941912
76.5		21.64227106
76.6		21.60431254
76.7		21.56560755
76.8		21.52621563
76.9		21.48619217
77		21.44558871
77.1		21.40445321
77.2		21.36283025
77.3		21.32076136
77.4		21.27828511
77.5		21.23543743
77.6		21.19225172
77.7		21.14875905
77.8		21.10498831
77.9		21.06096638
78		21.01671827
78.1		21.01385322
78.2		21.04941446
78.3		21.12065036
78.4		21.22500021
78.5		21.36008097
78.6		21.523675
78.7		21.67213254
78.8		21.80651148
78.9		21.92779636
79		22.03690347
79.1		22.13468554
79.2		22.22193623
79.3		22.29939412
79.4		22.36774661
79.5		22.42763342
79.6		22.47964993
79.7		22.52435022
79.8		22.56224994
79.9		22.593829
80		22.61953401
80.1		22.63978062
80.2		22.65495564
80.3		22.66541906
80.4		22.67150589
80.5		22.67352791
80.6		22.67177527
80.7		22.66651799
80.8		22.65800734
80.9		22.64647717
81		22.63214511
81.1		22.61521367
81.2		22.59587132
81.3		22.57429344
81.4		22.55064322
81.5		22.52507255
81.6		22.49772276
81.7		22.46872536
81.8		22.43820273
81.9		22.40626875
82		22.37302938
82.1		22.33858325
82.2		22.30302208
82.3		22.26643126
82.4		22.22889023
82.5		22.19047289
82.6		22.15124803
82.7		22.11127962
82.8		22.07062719
82.9		22.02934614
83		21.987488
83.1		21.94510071
83.2		21.90222886
83.3		21.85891395
83.4		21.81519457
83.5		21.77110663
83.6		21.72668352
83.7		21.68195631
83.8		21.63695389
83.9		21.59170312
84		21.54622901
84.1		21.54214079
84.2		21.57648169
84.3		21.64650006
84.4		21.74963519
84.5		21.88350405
84.6		22.04588897
84.7		22.1931402
84.8		22.32631561
84.9		22.44639974
85		22.55430887
85.1		22.65089575
85.2		22.73695398
85.3		22.81322218
85.4		22.88038773
85.5		22.93909034
85.6		22.98992539
85.7		23.03344694
85.8		23.07017065
85.9		23.10057641
86		23.12511083
86.1		23.14418956
86.2		23.1581994
86.3		23.16750032
86.4		23.17242735
86.5		23.17329224
86.6		23.17038514
86.7		23.16397607
86.8		23.15431629
86.9		23.14163965
87		23.12616377
87.1		23.10809115
87.2		23.08761025
87.3		23.06489644
87.4		23.04011294
87.5		23.01341159
87.6		22.98493374
87.7		22.95481088
87.8		22.92316539
87.9		22.89011114
88		22.85575411
88.1		22.82019287
88.2		22.78351919
88.3		22.74581842
88.4		22.70717001
88.5		22.66764785
88.6		22.6273207
88.7		22.58625256
88.8		22.54450295
88.9		22.50212725
89		22.45917698
89.1		22.41570009
89.2		22.37174116
89.3		22.32734167
89.4		22.28254023
89.5		22.23737272
89.6		22.19187254
89.7		22.14607074
89.8		22.09999621
89.9		22.05367582
90		22.00713455
90.1		22.00198164
90.2		22.0352603
90.3		22.1042189
90.4		22.2062967
90.5		22.33911066
90.6		22.50044313
90.7		22.64664434
90.8		22.77877216
90.9		22.89781112
91		23.00467749
91.1		23.10022401
91.2		23.1852443
91.3		23.26047695
91.4		23.32660934
91.5		23.38428118
91.6		23.43408783
91.7		23.47658337
91.8		23.51228343
91.9		23.54166791
92		23.56518341
92.1		23.58324557
92.2		23.59624119
92.3		23.60453024
92.4		23.60844773
92.5		23.60830541
92.6		23.60439343
92.7		23.5969818
92.8		23.58632178
92.9		23.57264721
93		23.55617569
93.1		23.53710975
93.2		23.51563781
93.3		23.49193527
93.4		23.4661653
93.5		23.43847978
93.6		23.40902001
93.7		23.37791751
93.8		23.34529465
93.9		23.31126529
94		23.27593538
94.1		23.23940353
94.2		23.20176147
94.3		23.16309457
94.4		23.12348224
94.5		23.0829984
94.6		23.0417118
94.7		22.99968641
94.8		22.95698177
94.9		22.91365324
95		22.86975235
95.1		22.82532702
95.2		22.78042185
95.3		22.73507832
95.4		22.689335
95.5		22.6432278
95.6		22.59679009
95.7		22.55005293
95.8		22.5030452
95.9		22.45579377
96		22.40832361
96.1		22.40224395
96.2		22.43459801
96.3		22.50263413
96.4		22.60379159
96.5		22.73568735
96.6		22.89610372
96.7		23.04139096
96.8		23.17260691
96.9		23.29073611
97		23.39669483
97.1		23.49133579
97.2		23.57545261
97.3		23.64978387
97.4		23.71501696
97.5		23.77179158
97.6		23.82070309
97.7		23.86230554
97.8		23.89711459
97.9		23.92561011
98		23.9482387
98.1		23.96541601
98.2		23.97752881
98.3		23.98493708
98.4		23.98797583
98.5		23.98695681
98.6		23.98217015
98.7		23.97388585
98.8		23.96235518
98.9		23.94781197
99		23.93047382
99.1		23.91054325
99.2		23.88820868
99.3		23.8636455
99.4		23.83701688
99.5		23.80847469
99.6		23.77816024
99.7		23.74620502
99.8		23.71273142
99.9		23.67785327
100		23.64167655
100.1		23.60429984
100.2		23.56581487
100.3		23.526307
100.4		23.48585565
100.5		23.44453473
100.6		23.40241298
100.7		23.35955437
100.8		23.31601844
100.9		23.27186053
101		23.22713218
101.1		23.18188131
101.2		23.1361525
101.3		23.08998723
101.4		23.04342407
101.5		22.99649892
101.6		22.94924516
101.7		22.90169383
101.8		22.85387381
101.9		22.80581196
102		22.75753326
102.1		22.75064692
102.2		22.78219617
102.3		22.84942934
102.4		22.94978571
102.5		23.08088222
102.6		23.24050119
102.7		23.38499287
102.8		23.5154151
102.9		23.63275242
103		23.73792107
103.1		23.8317738
103.2		23.91510421
103.3		23.98865088
103.4		24.05310119
103.5		24.10909483
103.6		24.15722717
103.7		24.19805225
103.8		24.23208572
103.9		24.25980746
104		24.28166406
104.1		24.29807115
104.2		24.30941552
104.3		24.31605713
104.4		24.31833099
104.5		24.31654885
104.6		24.31100083
104.7		24.30195693
104.8		24.28966842
104.9		24.27436911
105		24.25627662
105.1		24.23559344
105.2		24.21250801
105.3		24.1871957
105.4		24.15981968
105.5		24.13053181
105.6		24.09947341
105.7		24.06677596
105.8		24.03256183
105.9		23.99694488
106		23.96003106
106.1		23.92191895
106.2		23.88270028
106.3		23.8424604
106.4		23.80127874
106.5		23.75922919
106.6		23.7163805
106.7		23.67279663
106.8		23.6285371
106.9		23.58365728
107		23.53820868
107.1		23.49223922
107.2		23.44579348
107.3		23.39891294
107.4		23.35163616
107.5		23.30399904
107.6		23.25603495
107.7		23.20777494
107.8		23.15924787
107.9		23.11048061
108		23.06149812
108.1		23.05390963
108.2		23.08475834
108.3		23.1512926
108.4		23.25095166
108.5		23.38135247
108.6		23.54027736
108.7		23.68407655
108.8		23.8138079
108.9		23.93045593
109		24.03493689
109.1		24.12810351
109.2		24.2107494
109.3		24.28361313
109.4		24.34738207
109.5		24.40269593
109.6		24.45015005
109.7		24.49029848
109.8		24.52365686
109.9		24.55070507
110		24.57188969
110.1		24.58762636
110.2		24.59830186
110.3		24.60427615
110.4		24.60588422
110.5		24.60343783
110.6		24.5972271
110.7		24.58752202
110.8		24.57457385
110.9		24.55861641
111		24.53986731
111.1		24.51852904
111.2		24.49479003
111.3		24.46882564
111.4		24.44079905
111.5		24.41086212
111.6		24.37915616
111.7		24.34581264
111.8		24.31095394
111.9		24.27469391
112		24.23713848
112.1		24.19838625
112.2		24.15852894
112.3		24.1176519
112.4		24.07583455
112.5		24.03315077
112.6		23.98966932
112.7		23.94545416
112.8		23.90056479
112.9		23.85505658
113		23.80898105
113.1		23.76238611
113.2		23.71531633
113.3		23.66781319
113.4		23.61991525
113.5		23.57165841
113.6		23.52307603
113.7		23.47419915
113.8		23.42505664
113.9		23.37567536
114		23.32608027
114.1		23.3178806
114.2		23.34811954
114.3		23.41404543
114.4		23.51309753
114.5		23.64289278
114.6		23.80121352
114.7		23.94440994
114.8		24.07353993
114.9		24.18958797
115		24.29347034
115.1		24.38603975
115.2		24.4680898
115.3		24.54035908
115.4		24.60353494
115.5		24.65825708
115.6		24.70512085
115.7		24.7446803
115.8		24.77745106
115.9		24.803913
116		24.82451272
116.1		24.83966583
116.2		24.84975911
116.3		24.85515254
116.4		24.85618108
116.5		24.85315651
116.6		24.84636892
116.7		24.83608833
116.8		24.82256597
116.9		24.80603567
117		24.78671503
117.1		24.76480654
117.2		24.74049863
117.3		24.71396665
117.4		24.68537379
117.5		24.6548719
117.6		24.62260227
117.7		24.58869639
117.8		24.55327663
117.9		24.51645683
118		24.47834293
118.1		24.43903352
118.2		24.39862031
118.3		24.35718866
118.4		24.31481798
118.5		24.27158215
118.6		24.22754992
118.7		24.18278525
118.8		24.13734765
118.9		24.09129248
119		24.04467124
119.1		23.99753185
119.2		23.94991889
119.3		23.90187381
119.4		23.8534352
119.5		23.80463892
119.6		23.75551836
119.7		23.70610454
119.8		23.65642633
119.9		23.60651059
120		23.55638227
120.1		23.5060646