0.1	1
0.2	1.53069
0.3	2.0245978761
0.4	2.4842729973
0.5	2.9120880359
0.6	3.3102512141
0.7	3.0808177024
0.8	2.8672862275
0.9	2.6685546191
1	2.4835970984
1.1	2.3114589835
1.2	2.1512517614
1.3	2.0021485018
1.4	1.8633795891
1.5	1.7342287498
1.6	1.6140293552
1.7	1.5021609806
1.8	1.398046203
1.9	1.3011476207
2	1.2109650791
2.1	1.1270330894
2.2	1.048918426
2.3	0.9762178899
2.4	0.908556228
2.5	0.8455841958
2.6	0.7869767552
2.7	0.7324313963
2.8	0.6816665762
2.9	0.6344202658
3	0.5904485972
3.1	0.5495246049
3.2	0.5114370546
3.3	0.4759893523
3.4	0.4429985303
3.5	0.4122943022
3.6	0.3837181841
3.7	0.3571226767
3.8	0.332370504
3.9	0.3093339044
4	0.2878939715
4.1	0.2679400403
4.2	0.2493691161
4.3	0.2320853427
4.4	0.2159995076
4.5	0.2010285817
4.6	0.1870952907
4.7	0.1741277161
4.8	0.1620589241
4.9	0.1508266201
5	0.140372827
5.1	0.1306435864
5.2	0.1215886794
5.3	0.1131613681
5.4	0.1053181536
5.5	0.0980185524
5.6	0.0912248865
5.7	0.0849020896
5.8	0.0790175258
5.9	0.0735408211
6	0.0684437068
6.1	0.0636998735
6.2	0.0592848352
6.3	0.0551758033
6.4	0.0513515684
6.5	0.0477923912
6.6	0.0444799005
6.7	0.0413969986
6.8	0.0385277727
6.9	0.0358574127
7	0.0333721355
7.1	0.0310591128
7.2	0.0289064057
7.3	0.0269029027
7.4	0.0250382625
7.5	0.0233028605
7.6	0.0216877393
7.7	0.020184562
7.8	0.0187855701
7.9	0.0174835422
8	0.0162717579
8.1	0.6151439623
8.2	1.1725083343
8.3	1.6912417817
8.4	2.1740218138
8.5	2.6233403619
8.6	3.0415166414
8.7	2.830709123
8.8	2.6345126737
8.9	2.4519146002
9	2.2819723993
9.1	2.1238088923
9.2	1.976607698
9.3	1.8396090184
9.4	1.7121057174
9.5	1.5934396701
9.6	1.4829983666
9.7	1.3802117498
9.8	1.2845492734
9.9	1.1955171633
10	1.1126558687
10.1	1.0355376904
10.2	0.9637645731
10.3	0.8969660505
10.4	0.8347973336
10.5	0.7769375304
10.6	0.7230879901
10.7	0.6729707616
10.8	0.6263271581
10.9	0.5829164227
11	0.5425144855
11.1	0.5049128065
11.2	0.4699172999
11.3	0.4373473318
11.4	0.4070347883
11.5	0.3788232071
11.6	0.3525669706
11.7	0.3281305539
11.8	0.3053878252
11.9	0.284221395
12	0.2645220101
12.1	0.2461879896
12.2	0.2291247
12.3	0.2132440671
12.4	0.1984641208
12.5	0.1847085726
12.6	0.1719064214
12.7	0.1599915873
12.8	0.1489025704
12.9	0.1385821333
13	0.1289770056
13.1	0.1200376094
13.2	0.1117178027
13.3	0.1039746417
13.4	0.0967681593
13.5	0.0900611582
13.6	0.0838190193
13.7	0.0780095231
13.8	0.0726026831
13.9	0.0675705911
14	0.0628872734
14.1	0.0585285565
14.2	0.0544719423
14.3	0.0506964919
14.4	0.0471827181
14.5	0.0439124839
14.6	0.0408689096
14.7	0.0380362855
14.8	0.0353999906
14.9	0.0329464172
15	0.030662901
15.1	0.0285376554
15.2	0.0265597105
15.3	0.0247188569
15.4	0.023005593
15.5	0.0214110753
15.6	0.0199270737
15.7	0.0185459282
15.8	0.0172605099
15.9	0.016064184
16	0.0149507754
16.1	0.6139145371
16.2	1.1713641206
16.3	1.6901768734
16.4	2.1730307143
16.5	2.6224179555
16.6	3.040658167
16.7	2.8299101494
16.8	2.633769077
16.9	2.4512225422
17	2.2813283078
17.1	2.1232094428
17.2	1.9760497963
17.3	1.839089785
17.4	1.711622472
17.5	1.5929899184
17.6	1.4825797872
17.7	1.3798221821
17.8	1.2841867067
17.9	1.1951797261
18	1.1123418192
18.1	1.0352454077
18.2	0.9634925485
18.3	0.89671288
18.4	0.8345617103
18.5	0.7767182381
18.6	0.7228838971
18.7	0.6727808142
18.8	0.6261503759
18.9	0.5827518934
19	0.5423613596
19.1	0.5047702938
19.2	0.4697846647
19.3	0.4372238896
19.4	0.4069199018
19.5	0.3787162834
19.6	0.3524674578
19.7	0.3280379383
19.8	0.3053016288
19.9	0.2841411729
20	0.2644473482
20.1	0.2461185025
20.2	0.2290600291
20.3	0.2131838785
20.4	0.1984081039
20.5	0.1846564382
20.6	0.1718579005
20.7	0.1599464294
20.8	0.1488605424
20.9	0.1385430182
21	0.1289406016
21.1	0.1200037285
21.2	0.1116862701
21.3	0.1039452947
21.4	0.0967408463
21.5	0.0900357383
21.6	0.0837953612
21.7	0.0779875048
21.8	0.0725821908
21.9	0.0675515192
22	0.0628695234
22.1	0.0585120367
22.2	0.0544565674
22.3	0.0506821827
22.4	0.0471694007
22.5	0.0439000895
22.6	0.0408573743
22.7	0.0380255497
22.8	0.0353899988
22.9	0.032937118
23	0.0306542464
23.1	0.0285296006
23.2	0.0265522139
23.3	0.02471188
23.4	0.0229990996
23.5	0.021405032
23.6	0.0199214492
23.7	0.0185406936
23.8	0.0172556381
23.9	0.0160596498
24	0.0149465555
24.1	0.6139106097
24.2	1.1713604654
24.3	1.6901734715
24.4	2.1730275482
24.5	2.6224150088
24.6	3.0406554246
24.7	2.8299075971
24.8	2.6337667015
24.9	2.4512203315
25	2.2813262503
25.1	2.1232075279
25.2	1.9760480141
25.3	1.8390881263
25.4	1.7116209282
25.5	1.5929884817
25.6	1.48257845
25.7	1.3798209377
25.8	1.2841855485
25.9	1.1951786481
26	1.112340816
26.1	1.035244474
26.2	0.9634916796
26.3	0.8967120712
26.4	0.8345609576
26.5	0.7767175376
26.6	0.7228832451
26.7	0.6727802074
26.8	0.6261498112
26.9	0.5827513678
27	0.5423608705
27.1	0.5047698385
27.2	0.469784241
27.3	0.4372234953
27.4	0.4069195348
27.5	0.3787159419
27.6	0.3524671399
27.7	0.3280376425
27.8	0.3053013535
27.9	0.2841409167
28	0.2644471097
28.1	0.2461182806
28.2	0.2290598225
28.3	0.2131836862
28.4	0.1984079249
28.5	0.1846562717
28.6	0.1718577455
28.7	0.1599462851
28.8	0.1488604081
28.9	0.1385428932
29	0.1289404853
29.1	0.1200036203
29.2	0.1116861693
29.3	0.1039452009
29.4	0.0967407591
29.5	0.0900356571
29.6	0.0837952857
29.7	0.0779874344
29.8	0.0725821253
29.9	0.0675514582
30	0.0628694667
30.1	0.0585119839
30.2	0.0544565183
30.3	0.050682137
30.4	0.0471693581
30.5	0.0439000499
30.6	0.0408573374
30.7	0.0380255154
30.8	0.0353899669
30.9	0.0329370883
31	0.0306542187
31.1	0.0285295748
31.2	0.02655219
31.3	0.0247118577
31.4	0.0229990788
31.5	0.0214050127
31.6	0.0199214313
31.7	0.0185406769
31.8	0.0172556225
31.9	0.0160596353
32	0.014946542
32.1	0.6139105972
32.2	1.1713604537
32.3	1.6901734607
32.4	2.1730275381
32.5	2.6224149994
32.6	3.0406554158
32.7	2.829907589
32.8	2.633766694
32.9	2.4512203244
33	2.2813262437
33.1	2.1232075218
33.2	1.9760480084
33.3	1.839088121
33.4	1.7116209233
33.5	1.5929884771
33.6	1.4825784458
33.7	1.3798209337
33.8	1.2841855448
33.9	1.1951786447
34	1.1123408128
34.1	1.0352444711
34.2	0.9634916768
34.3	0.8967120687
34.4	0.8345609552
34.5	0.7767175354
34.6	0.722883243
34.7	0.6727802054
34.8	0.6261498094
34.9	0.5827513661
35	0.5423608689
35.1	0.5047698371
35.2	0.4697842397
35.3	0.437223494
35.4	0.4069195337
35.5	0.3787159408
35.6	0.3524671389
35.7	0.3280376415
35.8	0.3053013526
35.9	0.2841409158
36	0.264447109
36.1	0.2461182798
36.2	0.2290598219
36.3	0.2131836856
36.4	0.1984079244
36.5	0.1846562711
36.6	0.171857745
36.7	0.1599462847
36.8	0.1488604077
36.9	0.1385428928
37	0.1289404849
37.1	0.1200036199
37.2	0.111686169
37.3	0.1039452006
37.4	0.0967407588
37.5	0.0900356568
37.6	0.0837952854
37.7	0.0779874342
37.8	0.0725821251
37.9	0.067551458
38	0.0628694665
38.1	0.0585119838
38.2	0.0544565182
38.3	0.0506821369
38.4	0.047169358
38.5	0.0439000498
38.6	0.0408573373
38.7	0.0380255153
38.8	0.0353899668
38.9	0.0329370882
39	0.0306542186
39.1	0.0285295747
39.2	0.0265521899
39.3	0.0247118576
39.4	0.0229990788
39.5	0.0214050126
39.6	0.0199214312
39.7	0.0185406768
39.8	0.0172556225
39.9	0.0160596353
40	0.014946542
40.1	0.6139105972
40.2	1.1713604537
40.3	1.6901734606
40.4	2.1730275381
40.5	2.6224149994
40.6	3.0406554158
40.7	2.8299075889
40.8	2.6337666939
40.9	2.4512203244
41	2.2813262437
41.1	2.1232075217
41.2	1.9760480084
41.3	1.839088121
41.4	1.7116209233
41.5	1.5929884771
41.6	1.4825784457
41.7	1.3798209337
41.8	1.2841855448
41.9	1.1951786447
42	1.1123408128
42.1	1.0352444711
42.2	0.9634916768
42.3	0.8967120687
42.4	0.8345609552
42.5	0.7767175354
42.6	0.722883243
42.7	0.6727802054
42.8	0.6261498094
42.9	0.5827513661
43	0.5423608689
43.1	0.5047698371
43.2	0.4697842397
43.3	0.437223494
43.4	0.4069195337
43.5	0.3787159408
43.6	0.3524671389
43.7	0.3280376415
43.8	0.3053013526
43.9	0.2841409158
44	0.264447109
44.1	0.2461182798
44.2	0.2290598219
44.3	0.2131836856
44.4	0.1984079244
44.5	0.1846562711
44.6	0.171857745
44.7	0.1599462847
44.8	0.1488604077
44.9	0.1385428928
45	0.1289404849
45.1	0.1200036199
45.2	0.111686169
45.3	0.1039452006
45.4	0.0967407588
45.5	0.0900356568
45.6	0.0837952854
45.7	0.0779874342
45.8	0.0725821251
45.9	0.067551458
46	0.0628694665
46.1	0.0585119838
46.2	0.0544565182
46.3	0.0506821369
46.4	0.047169358
46.5	0.0439000498
46.6	0.0408573373
46.7	0.0380255153
46.8	0.0353899668
46.9	0.0329370882
47	0.0306542186
47.1	0.0285295747
47.2	0.0265521899
47.3	0.0247118576
47.4	0.0229990788
47.5	0.0214050126
47.6	0.0199214312
47.7	0.0185406768
47.8	0.0172556225
47.9	0.0160596353
48	0.014946542
48.1	0.6139105972
48.2	1.1713604537
48.3	1.6901734606
48.4	2.1730275381
48.5	2.6224149994
48.6	3.0406554158
48.7	2.8299075889
48.8	2.6337666939
48.9	2.4512203244
49	2.2813262437
49.1	2.1232075217
49.2	1.9760480084
49.3	1.839088121
49.4	1.7116209233
49.5	1.5929884771
49.6	1.4825784457
49.7	1.3798209337
49.8	1.2841855448
49.9	1.1951786447
50	1.1123408128
50.1	1.0352444711
50.2	0.9634916768
50.3	0.8967120687
50.4	0.8345609552
50.5	0.7767175354
50.6	0.722883243
50.7	0.6727802054
50.8	0.6261498094
50.9	0.5827513661
51	0.5423608689
51.1	0.5047698371
51.2	0.4697842397
51.3	0.437223494
51.4	0.4069195337
51.5	0.3787159408
51.6	0.3524671389
51.7	0.3280376415
51.8	0.3053013526
51.9	0.2841409158
52	0.264447109
52.1	0.2461182798
52.2	0.2290598219
52.3	0.2131836856
52.4	0.1984079244
52.5	0.1846562711
52.6	0.171857745
52.7	0.1599462847
52.8	0.1488604077
52.9	0.1385428928
53	0.1289404849
53.1	0.1200036199
53.2	0.111686169
53.3	0.1039452006
53.4	0.0967407588
53.5	0.0900356568
53.6	0.0837952854
53.7	0.0779874342
53.8	0.0725821251
53.9	0.067551458
54	0.0628694665
54.1	0.0585119838
54.2	0.0544565182
54.3	0.0506821369
54.4	0.047169358
54.5	0.0439000498
54.6	0.0408573373
54.7	0.0380255153
54.8	0.0353899668
54.9	0.0329370882
55	0.0306542186
55.1	0.0285295747
55.2	0.0265521899
55.3	0.0247118576
55.4	0.0229990788
55.5	0.0214050126
55.6	0.0199214312
55.7	0.0185406768
55.8	0.0172556225
55.9	0.0160596353
56	0.014946542
56.1	0.6139105972
56.2	1.1713604537
56.3	1.6901734606
56.4	2.1730275381
56.5	2.6224149994
56.6	3.0406554158
56.7	2.8299075889
56.8	2.6337666939
56.9	2.4512203244
57	2.2813262437
57.1	2.1232075217
57.2	1.9760480084
57.3	1.839088121
57.4	1.7116209233
57.5	1.5929884771
57.6	1.4825784457
57.7	1.3798209337
57.8	1.2841855448
57.9	1.1951786447
58	1.1123408128
58.1	1.0352444711
58.2	0.9634916768
58.3	0.8967120687
58.4	0.8345609552
58.5	0.7767175354
58.6	0.722883243
58.7	0.6727802054
58.8	0.6261498094
58.9	0.5827513661
59	0.5423608689
59.1	0.5047698371
59.2	0.4697842397
59.3	0.437223494
59.4	0.4069195337
59.5	0.3787159408
59.6	0.3524671389
59.7	0.3280376415
59.8	0.3053013526
59.9	0.2841409158
60	0.264447109
60.1	0.2461182798
60.2	0.2290598219
60.3	0.2131836856
60.4	0.1984079244
60.5	0.1846562711
60.6	0.171857745
60.7	0.1599462847
60.8	0.1488604077
60.9	0.1385428928
61	0.1289404849
61.1	0.1200036199
61.2	0.111686169
61.3	0.1039452006
61.4	0.0967407588
61.5	0.0900356568
61.6	0.0837952854
61.7	0.0779874342
61.8	0.0725821251
61.9	0.067551458
62	0.0628694665
62.1	0.0585119838
62.2	0.0544565182
62.3	0.0506821369
62.4	0.047169358
62.5	0.0439000498
62.6	0.0408573373
62.7	0.0380255153
62.8	0.0353899668
62.9	0.0329370882
63	0.0306542186
63.1	0.0285295747
63.2	0.0265521899
63.3	0.0247118576
63.4	0.0229990788
63.5	0.0214050126
63.6	0.0199214312
63.7	0.0185406768
63.8	0.0172556225
63.9	0.0160596353
64	0.014946542
64.1	0.6139105972
64.2	1.1713604537
64.3	1.6901734606
64.4	2.1730275381
64.5	2.6224149994
64.6	3.0406554158
64.7	2.8299075889
64.8	2.6337666939
64.9	2.4512203244
65	2.2813262437
65.1	2.1232075217
65.2	1.9760480084
65.3	1.839088121
65.4	1.7116209233
65.5	1.5929884771
65.6	1.4825784457
65.7	1.3798209337
65.8	1.2841855448
65.9	1.1951786447
66	1.1123408128
66.1	1.0352444711
66.2	0.9634916768
66.3	0.8967120687
66.4	0.8345609552
66.5	0.7767175354
66.6	0.722883243
66.7	0.6727802054
66.8	0.6261498094
66.9	0.5827513661
67	0.5423608689
67.1	0.5047698371
67.2	0.4697842397
67.3	0.437223494
67.4	0.4069195337
67.5	0.3787159408
67.6	0.3524671389
67.7	0.3280376415
67.8	0.3053013526
67.9	0.2841409158
68	0.264447109
68.1	0.2461182798
68.2	0.2290598219
68.3	0.2131836856
68.4	0.1984079244
68.5	0.1846562711
68.6	0.171857745
68.7	0.1599462847
68.8	0.1488604077
68.9	0.1385428928
69	0.1289404849
69.1	0.1200036199
69.2	0.111686169
69.3	0.1039452006
69.4	0.0967407588
69.5	0.0900356568
69.6	0.0837952854
69.7	0.0779874342
69.8	0.0725821251
69.9	0.067551458
70	0.0628694665
70.1	0.0585119838
70.2	0.0544565182
70.3	0.0506821369
70.4	0.047169358
70.5	0.0439000498
70.6	0.0408573373
70.7	0.0380255153
70.8	0.0353899668
70.9	0.0329370882
71	0.0306542186
71.1	0.0285295747
71.2	0.0265521899
71.3	0.0247118576
71.4	0.0229990788
71.5	0.0214050126
71.6	0.0199214312
71.7	0.0185406768
71.8	0.0172556225
71.9	0.0160596353
72	0.014946542
72.1	0.6139105972
72.2	1.1713604537
72.3	1.6901734606
72.4	2.1730275381
72.5	2.6224149994
72.6	3.0406554158
72.7	2.8299075889
72.8	2.6337666939
72.9	2.4512203244
73	2.2813262437
73.1	2.1232075217
73.2	1.9760480084
73.3	1.839088121
73.4	1.7116209233
73.5	1.5929884771
73.6	1.4825784457
73.7	1.3798209337
73.8	1.2841855448
73.9	1.1951786447
74	1.1123408128
74.1	1.0352444711
74.2	0.9634916768
74.3	0.8967120687
74.4	0.8345609552
74.5	0.7767175354
74.6	0.722883243
74.7	0.6727802054
74.8	0.6261498094
74.9	0.5827513661
75	0.5423608689
75.1	0.5047698371
75.2	0.4697842397
75.3	0.437223494
75.4	0.4069195337
75.5	0.3787159408
75.6	0.3524671389
75.7	0.3280376415
75.8	0.3053013526
75.9	0.2841409158
76	0.264447109
76.1	0.2461182798
76.2	0.2290598219
76.3	0.2131836856
76.4	0.1984079244
76.5	0.1846562711
76.6	0.171857745
76.7	0.1599462847
76.8	0.1488604077
76.9	0.1385428928
77	0.1289404849
77.1	0.1200036199
77.2	0.111686169
77.3	0.1039452006
77.4	0.0967407588
77.5	0.0900356568
77.6	0.0837952854
77.7	0.0779874342
77.8	0.0725821251
77.9	0.067551458
78	0.0628694665
78.1	0.0585119838
78.2	0.0544565182
78.3	0.0506821369
78.4	0.047169358
78.5	0.0439000498
78.6	0.0408573373
78.7	0.0380255153
78.8	0.0353899668
78.9	0.0329370882
79	0.0306542186
79.1	0.0285295747
79.2	0.0265521899
79.3	0.0247118576
79.4	0.0229990788
79.5	0.0214050126
79.6	0.0199214312
79.7	0.0185406768
79.8	0.0172556225
79.9	0.0160596353
80	0.014946542
80.1	0.6139105972
80.2	1.1713604537
80.3	1.6901734606
80.4	2.1730275381
80.5	2.6224149994
80.6	3.0406554158
80.7	2.8299075889
80.8	2.6337666939
80.9	2.4512203244
81	2.2813262437
81.1	2.1232075217
81.2	1.9760480084
81.3	1.839088121
81.4	1.7116209233
81.5	1.5929884771
81.6	1.4825784457
81.7	1.3798209337
81.8	1.2841855448
81.9	1.1951786447
82	1.1123408128
82.1	1.0352444711
82.2	0.9634916768
82.3	0.8967120687
82.4	0.8345609552
82.5	0.7767175354
82.6	0.722883243
82.7	0.6727802054
82.8	0.6261498094
82.9	0.5827513661
83	0.5423608689
83.1	0.5047698371
83.2	0.4697842397
83.3	0.437223494
83.4	0.4069195337
83.5	0.3787159408
83.6	0.3524671389
83.7	0.3280376415
83.8	0.3053013526
83.9	0.2841409158
84	0.264447109
84.1	0.2461182798
84.2	0.2290598219
84.3	0.2131836856
84.4	0.1984079244
84.5	0.1846562711
84.6	0.171857745
84.7	0.1599462847
84.8	0.1488604077
84.9	0.1385428928
85	0.1289404849
85.1	0.1200036199
85.2	0.111686169
85.3	0.1039452006
85.4	0.0967407588
85.5	0.0900356568
85.6	0.0837952854
85.7	0.0779874342
85.8	0.0725821251
85.9	0.067551458
86	0.0628694665
86.1	0.0585119838
86.2	0.0544565182
86.3	0.0506821369
86.4	0.047169358
86.5	0.0439000498
86.6	0.0408573373
86.7	0.0380255153
86.8	0.0353899668
86.9	0.0329370882
87	0.0306542186
87.1	0.0285295747
87.2	0.0265521899
87.3	0.0247118576
87.4	0.0229990788
87.5	0.0214050126
87.6	0.0199214312
87.7	0.0185406768
87.8	0.0172556225
87.9	0.0160596353
88	0.014946542
88.1	0.6139105972
88.2	1.1713604537
88.3	1.6901734606
88.4	2.1730275381
88.5	2.6224149994
88.6	3.0406554158
88.7	2.8299075889
88.8	2.6337666939
88.9	2.4512203244
89	2.2813262437
89.1	2.1232075217
89.2	1.9760480084
89.3	1.839088121
89.4	1.7116209233
89.5	1.5929884771
89.6	1.4825784457
89.7	1.3798209337
89.8	1.2841855448
89.9	1.1951786447
90	1.1123408128
90.1	1.0352444711
90.2	0.9634916768
90.3	0.8967120687
90.4	0.8345609552
90.5	0.7767175354
90.6	0.722883243
90.7	0.6727802054
90.8	0.6261498094
90.9	0.5827513661
91	0.5423608689
91.1	0.5047698371
91.2	0.4697842397
91.3	0.437223494
91.4	0.4069195337
91.5	0.3787159408
91.6	0.3524671389
91.7	0.3280376415
91.8	0.3053013526
91.9	0.2841409158
92	0.264447109
92.1	0.2461182798
92.2	0.2290598219
92.3	0.2131836856
92.4	0.1984079244
92.5	0.1846562711
92.6	0.171857745
92.7	0.1599462847
92.8	0.1488604077
92.9	0.1385428928
93	0.1289404849
93.1	0.1200036199
93.2	0.111686169
93.3	0.1039452006
93.4	0.0967407588
93.5	0.0900356568
93.6	0.0837952854
93.7	0.0779874342
93.8	0.0725821251
93.9	0.067551458
94	0.0628694665
94.1	0.0585119838
94.2	0.0544565182
94.3	0.0506821369
94.4	0.047169358
94.5	0.0439000498
94.6	0.0408573373
94.7	0.0380255153
94.8	0.0353899668
94.9	0.0329370882
95	0.0306542186
95.1	0.0285295747
95.2	0.0265521899
95.3	0.0247118576
95.4	0.0229990788
95.5	0.0214050126
95.6	0.0199214312
95.7	0.0185406768
95.8	0.0172556225
95.9	0.0160596353
96	0.014946542
96.1	0.6139105972
96.2	1.1713604537
96.3	1.6901734606
96.4	2.1730275381
96.5	2.6224149994
96.6	3.0406554158
96.7	2.8299075889
96.8	2.6337666939
96.9	2.4512203244
97	2.2813262437
97.1	2.1232075217
97.2	1.9760480084
97.3	1.839088121
97.4	1.7116209233
97.5	1.5929884771
97.6	1.4825784457
97.7	1.3798209337
97.8	1.2841855448
97.9	1.1951786447
98	1.1123408128
98.1	1.0352444711
98.2	0.9634916768
98.3	0.8967120687
98.4	0.8345609552
98.5	0.7767175354
98.6	0.722883243
98.7	0.6727802054
98.8	0.6261498094
98.9	0.5827513661
99	0.5423608689
99.1	0.5047698371
99.2	0.4697842397
99.3	0.437223494
99.4	0.4069195337
99.5	0.3787159408
99.6	0.3524671389
99.7	0.3280376415
99.8	0.3053013526
99.9	0.2841409158
100	0.264447109
100.1	0.2461182798
100.2	0.2290598219
100.3	0.2131836856
100.4	0.1984079244
100.5	0.1846562711
100.6	0.171857745
100.7	0.1599462847
100.8	0.1488604077
100.9	0.1385428928
101	0.1289404849
101.1	0.1200036199
101.2	0.111686169
101.3	0.1039452006
101.4	0.0967407588
101.5	0.0900356568
101.6	0.0837952854
101.7	0.0779874342
101.8	0.0725821251
101.9	0.067551458
102	0.0628694665
102.1	0.0585119838
102.2	0.0544565182
102.3	0.0506821369
102.4	0.047169358
102.5	0.0439000498
102.6	0.0408573373
102.7	0.0380255153
102.8	0.0353899668
102.9	0.0329370882
103	0.0306542186
103.1	0.0285295747
103.2	0.0265521899
103.3	0.0247118576
103.4	0.0229990788
103.5	0.0214050126
103.6	0.0199214312
103.7	0.0185406768
103.8	0.0172556225
103.9	0.0160596353
104	0.014946542
104.1	0.6139105972
104.2	1.1713604537
104.3	1.6901734606
104.4	2.1730275381
104.5	2.6224149994
104.6	3.0406554158
104.7	2.8299075889
104.8	2.6337666939
104.9	2.4512203244
105	2.2813262437
105.1	2.1232075217
105.2	1.9760480084
105.3	1.839088121
105.4	1.7116209233
105.5	1.5929884771
105.6	1.4825784457
105.7	1.3798209337
105.8	1.2841855448
105.9	1.1951786447
106	1.1123408128
106.1	1.0352444711
106.2	0.9634916768
106.3	0.8967120687
106.4	0.8345609552
106.5	0.7767175354
106.6	0.722883243
106.7	0.6727802054
106.8	0.6261498094
106.9	0.5827513661
107	0.5423608689
107.1	0.5047698371
107.2	0.4697842397
107.3	0.437223494
107.4	0.4069195337
107.5	0.3787159408
107.6	0.3524671389
107.7	0.3280376415
107.8	0.3053013526
107.9	0.2841409158
108	0.264447109
108.1	0.2461182798
108.2	0.2290598219
108.3	0.2131836856
108.4	0.1984079244
108.5	0.1846562711
108.6	0.171857745
108.7	0.1599462847
108.8	0.1488604077
108.9	0.1385428928
109	0.1289404849
109.1	0.1200036199
109.2	0.111686169
109.3	0.1039452006
109.4	0.0967407588
109.5	0.0900356568
109.6	0.0837952854
109.7	0.0779874342
109.8	0.0725821251
109.9	0.067551458
110	0.0628694665
110.1	0.0585119838
110.2	0.0544565182
110.3	0.0506821369
110.4	0.047169358
110.5	0.0439000498
110.6	0.0408573373
110.7	0.0380255153
110.8	0.0353899668
110.9	0.0329370882
111	0.0306542186
111.1	0.0285295747
111.2	0.0265521899
111.3	0.0247118576
111.4	0.0229990788
111.5	0.0214050126
111.6	0.0199214312
111.7	0.0185406768
111.8	0.0172556225
111.9	0.0160596353
112	0.014946542
112.1	0.6139105972
112.2	1.1713604537
112.3	1.6901734606
112.4	2.1730275381
112.5	2.6224149994
112.6	3.0406554158
112.7	2.8299075889
112.8	2.6337666939
112.9	2.4512203244
113	2.2813262437
113.1	2.1232075217
113.2	1.9760480084
113.3	1.839088121
113.4	1.7116209233
113.5	1.5929884771
113.6	1.4825784457
113.7	1.3798209337
113.8	1.2841855448
113.9	1.1951786447
114	1.1123408128
114.1	1.0352444711
114.2	0.9634916768
114.3	0.8967120687
114.4	0.8345609552
114.5	0.7767175354
114.6	0.722883243
114.7	0.6727802054
114.8	0.6261498094
114.9	0.5827513661
115	0.5423608689
115.1	0.5047698371
115.2	0.4697842397
115.3	0.437223494
115.4	0.4069195337
115.5	0.3787159408
115.6	0.3524671389
115.7	0.3280376415
115.8	0.3053013526
115.9	0.2841409158
116	0.264447109
116.1	0.2461182798
116.2	0.2290598219
116.3	0.2131836856
116.4	0.1984079244
116.5	0.1846562711
116.6	0.171857745
116.7	0.1599462847
116.8	0.1488604077
116.9	0.1385428928
117	0.1289404849
117.1	0.1200036199
117.2	0.111686169
117.3	0.1039452006
117.4	0.0967407588
117.5	0.0900356568
117.6	0.0837952854
117.7	0.0779874342
117.8	0.0725821251
117.9	0.067551458
118	0.0628694665
118.1	0.0585119838
118.2	0.0544565182
118.3	0.0506821369
118.4	0.047169358
118.5	0.0439000498
118.6	0.0408573373
118.7	0.0380255153
118.8	0.0353899668
118.9	0.0329370882
119	0.0306542186
119.1	0.0285295747
119.2	0.0265521899
119.3	0.0247118576
119.4	0.0229990788
119.5	0.0214050126
119.6	0.0199214312
119.7	0.0185406768
119.8	0.0172556225
119.9	0.0160596353
120	0.014946542
120.1	0.0139105972
