0.1	1
0.2	1.53069
0.3	2.024597876
0.4	2.484272997
0.5	2.912088036
0.6	3.310251214
0.7	3.080817702
0.8	2.867286227
0.9	2.668554619
1	2.483597098
1.1	2.311458984
1.2	2.151251761
1.3	2.002148502
1.4	1.863379589
1.5	1.73422875
1.6	1.614029355
1.7	1.502160981
1.8	1.398046203
1.9	1.301147621
2	1.210965079
2.1	1.127033089
2.2	1.048918426
2.3	0.9762178899
2.4	0.908556228
2.5	0.8455841958
2.6	0.7869767552
2.7	0.7324313963
2.8	0.6816665762
2.9	0.6344202658
3	0.5904485972
3.1	0.5495246049
3.2	0.5114370546
3.3	0.4759893523
3.4	0.4429985303
3.5	0.4122943022
3.6	0.3837181841
3.7	0.3571226767
3.8	0.332370504
3.9	0.3093339044
4	0.2878939715
4.1	0.2679400403
4.2	0.2493691161
4.3	0.2320853427
4.4	0.2159995076
4.5	0.2010285817
4.6	0.1870952907
4.7	0.1741277161
4.8	0.1620589241
4.9	0.1508266201
5	0.140372827
5.1	0.1306435864
5.2	0.1215886794
5.3	0.1131613681
5.4	0.1053181536
5.5	0.0980185524
5.6	0.0912248865
5.7	0.0849020897
5.8	0.0790175258
5.9	0.0735408211
6	0.0684437068
6.1	0.6636998735
6.2	1.217698835
6.3	1.733300129
6.4	2.213165097
6.5	2.659770624
6.6	3.075421922
6.7	2.862264429
6.8	2.663880881
6.9	2.479247297
7	2.307410667
7.1	2.147484034
7.2	1.998641915
7.3	1.860116044
7.4	1.731191401
7.5	1.611202525
7.6	1.499530078
7.7	1.395597648
7.8	1.298868775
7.9	1.208844181
8	1.12505919
8.1	1.047081338
8.2	0.9745081304
8.3	0.9069649719
8.4	0.8441032297
8.5	0.7855984349
8.6	0.7311486074
8.7	0.6804726974
8.8	0.6333091347
8.9	0.5894144786
9	0.5485621611
9.1	0.5105413177
9.2	0.475155699
9.3	0.4422226575
9.4	0.4115722051
9.5	0.3830461355
9.6	0.3564972079
9.7	0.3317883864
9.8	0.3087921334
9.9	0.2873897506
10	0.267470767
10.1	0.2489323681
10.2	0.2316788657
10.3	0.2156212035
10.4	0.2006764979
10.5	0.1867676098
10.6	0.1738227468
10.7	0.1617750922
10.8	0.1505624606
10.9	0.1401269764
11	0.1304147757
11.1	0.1213757276
11.2	0.1129631759
11.3	0.1051336982
11.4	0.0978468816
11.5	0.0910651142
11.6	0.0847533911
11.7	0.0788791336
11.8	0.0734120209
11.9	0.0683238337
12	0.0635883088
12.1	0.6591810031
12.2	1.213493168
12.3	1.729385956
12.4	2.209522216
12.5	2.656380231
12.6	3.072266517
12.7	2.859327725
12.8	2.66114772
12.9	2.476703572
13	2.305043247
13.1	2.1452807
13.2	1.996591294
13.3	1.858207552
13.4	1.729415186
13.5	1.60954942
13.6	1.49799155
13.7	1.394165755
13.8	1.297536127
13.9	1.207603898
14	1.123904872
14.1	1.046007025
14.2	0.9735082781
14.3	0.9060344193
14.4	0.8432371737
14.5	0.7847924052
14.6	0.7303984436
14.7	0.6797745275
14.8	0.632659355
14.9	0.5888097351
15	0.5479993323
15.1	0.5100174986
15.2	0.4746681858
15.3	0.4417689338
15.4	0.411149929
15.5	0.3826531274
15.6	0.3561314392
15.7	0.3314479691
15.8	0.3084753104
15.9	0.2870948866
16	0.26719634
16.1	0.2486769617
16.2	0.2314411615
16.3	0.2153999746
16.4	0.2004706024
16.5	0.1865759849
16.6	0.1736444034
16.7	0.1616091098
16.8	0.1504079824
16.9	0.1399832051
17	0.1302809692
17.1	0.1212511952
17.2	0.1128472749
17.3	0.1050258302
17.4	0.09774649
17.5	0.0909716807
17.6	0.0846664335
17.7	0.078798203
17.8	0.0733366996
17.9	0.0682537329
18	0.0635230667
18.1	0.659120283
18.2	1.213436656
18.3	1.729333362
18.4	2.209473266
18.5	2.656334674
18.6	3.072224118
18.7	2.859288264
18.8	2.661110995
18.9	2.476669392
19	2.305011436
19.1	2.145251093
19.2	1.99656374
19.3	1.858181907
19.4	1.729391319
19.5	1.609527207
19.6	1.497970876
19.7	1.394146515
19.8	1.29751822
19.9	1.207587232
20	1.123889361
20.1	1.045992589
20.2	0.973494843
20.3	0.9060219155
20.4	0.8432255365
20.5	0.7847815746
20.6	0.7303883636
20.7	0.6797651462
20.8	0.6326506239
20.9	0.5888016091
21	0.5479917696
21.1	0.5100104601
21.2	0.4746616351
21.3	0.4417628371
21.4	0.4111442549
21.5	0.3826478466
21.6	0.3561265243
21.7	0.3314433949
21.8	0.3084710532
21.9	0.2870909245
22	0.2671926526
22.1	0.2486735298
22.2	0.2314379675
22.3	0.2153970019
22.4	0.2004678357
22.5	0.18657341
22.6	0.173642007
22.7	0.1616068795
22.8	0.1504059067
22.9	0.1399812733
23	0.1302791712
23.1	0.1212495219
23.2	0.1128457175
23.3	0.1050243808
23.4	0.097745141
23.5	0.0909704253
23.6	0.0846652651
23.7	0.0787971156
23.8	0.0733356875
23.9	0.068252791
24	0.0635221901
24.1	0.6591194671
24.2	1.213435897
24.3	1.729332655
24.4	2.209472608
24.5	2.656334062
24.6	3.072223548
24.7	2.859287734
24.8	2.661110501
24.9	2.476668932
25	2.305011009
25.1	2.145250696
25.2	1.99656337
25.3	1.858181563
25.4	1.729390999
25.5	1.609526909
25.6	1.497970598
25.7	1.394146256
25.8	1.297517979
25.9	1.207587008
26	1.123889153
26.1	1.045992395
26.2	0.9734946625
26.3	0.9060217475
26.4	0.8432253801
26.5	0.784781429
26.6	0.7303882282
26.7	0.6797650201
26.8	0.6326505066
26.9	0.5888014999
27	0.547991668
27.1	0.5100103655
27.2	0.474661547
27.3	0.4417627552
27.4	0.4111441787
27.5	0.3826477756
27.6	0.3561264583
27.7	0.3314433335
27.8	0.308470996
27.9	0.2870908713
28	0.267192603
28.1	0.2486734837
28.2	0.2314379245
28.3	0.215396962
28.4	0.2004677986
28.5	0.1865733754
28.6	0.1736419748
28.7	0.1616068495
28.8	0.1504058788
28.9	0.1399812473
29	0.1302791471
29.1	0.1212494994
29.2	0.1128456966
29.3	0.1050243613
29.4	0.0977451229
29.5	0.0909704084
29.6	0.0846652494
29.7	0.078797101
29.8	0.0733356739
29.9	0.0682527783
30	0.0635221783
30.1	0.6591194561
30.2	1.213435887
30.3	1.729332645
30.4	2.2094726
30.5	2.656334054
30.6	3.07222354
30.7	2.859287727
30.8	2.661110495
30.9	2.476668926
31	2.305011003
31.1	2.14525069
31.2	1.996563365
31.3	1.858181558
31.4	1.729390994
31.5	1.609526905
31.6	1.497970595
31.7	1.394146253
31.8	1.297517976
31.9	1.207587005
32	1.12388915
32.1	1.045992393
32.2	0.9734946601
32.3	0.9060217452
32.4	0.843225378
32.5	0.7847814271
32.6	0.7303882264
32.7	0.6797650184
32.8	0.632650505
32.9	0.5888014985
33	0.5479916666
33.1	0.5100103642
33.2	0.4746615459
33.3	0.4417627541
33.4	0.4111441776
33.5	0.3826477747
33.6	0.3561264574
33.7	0.3314433327
33.8	0.3084709953
33.9	0.2870908706
34	0.2671926023
34.1	0.2486734831
34.2	0.231437924
34.3	0.2153969615
34.4	0.2004677981
34.5	0.186573375
34.6	0.1736419744
34.7	0.1616068491
34.8	0.1504058784
34.9	0.139981247
35	0.1302791467
35.1	0.1212494991
35.2	0.1128456963
35.3	0.1050243611
35.4	0.0977451226
35.5	0.0909704082
35.6	0.0846652492
35.7	0.0787971008
35.8	0.0733356737
35.9	0.0682527782
36	0.0635221781
36.1	0.6591194559
36.2	1.213435886
36.3	1.729332645
36.4	2.2094726
36.5	2.656334054
36.6	3.07222354
36.7	2.859287727
36.8	2.661110494
36.9	2.476668926
37	2.305011003
37.1	2.14525069
37.2	1.996563365
37.3	1.858181558
37.4	1.729390994
37.5	1.609526904
37.6	1.497970595
37.7	1.394146253
37.8	1.297517976
37.9	1.207587005
38	1.12388915
38.1	1.045992393
38.2	0.9734946601
38.3	0.9060217452
38.4	0.843225378
38.5	0.7847814271
38.6	0.7303882263
38.7	0.6797650184
38.8	0.632650505
38.9	0.5888014985
39	0.5479916666
39.1	0.5100103642
39.2	0.4746615458
39.3	0.4417627541
39.4	0.4111441776
39.5	0.3826477747
39.6	0.3561264574
39.7	0.3314433326
39.8	0.3084709953
39.9	0.2870908706
40	0.2671926023
40.1	0.2486734831
40.2	0.231437924
40.3	0.2153969614
40.4	0.200467798
40.5	0.186573375
40.6	0.1736419743
40.7	0.1616068491
40.8	0.1504058784
40.9	0.139981247
41	0.1302791467
41.1	0.1212494991
41.2	0.1128456963
41.3	0.1050243611
41.4	0.0977451226
41.5	0.0909704082
41.6	0.0846652492
41.7	0.0787971008
41.8	0.0733356737
41.9	0.0682527782
42	0.0635221781
42.1	0.6591194559
42.2	1.213435886
42.3	1.729332645
42.4	2.2094726
42.5	2.656334054
42.6	3.07222354
42.7	2.859287727
42.8	2.661110494
42.9	2.476668926
43	2.305011003
43.1	2.14525069
43.2	1.996563365
43.3	1.858181558
43.4	1.729390994
43.5	1.609526904
43.6	1.497970595
43.7	1.394146253
43.8	1.297517976
43.9	1.207587005
44	1.12388915
44.1	1.045992393
44.2	0.9734946601
44.3	0.9060217452
44.4	0.843225378
44.5	0.7847814271
44.6	0.7303882263
44.7	0.6797650184
44.8	0.632650505
44.9	0.5888014985
45	0.5479916666
45.1	0.5100103642
45.2	0.4746615458
45.3	0.4417627541
45.4	0.4111441776
45.5	0.3826477747
45.6	0.3561264574
45.7	0.3314433326
45.8	0.3084709953
45.9	0.2870908706
46	0.2671926023
46.1	0.2486734831
46.2	0.231437924
46.3	0.2153969614
46.4	0.200467798
46.5	0.186573375
46.6	0.1736419743
46.7	0.1616068491
46.8	0.1504058784
46.9	0.139981247
47	0.1302791467
47.1	0.1212494991
47.2	0.1128456963
47.3	0.1050243611
47.4	0.0977451226
47.5	0.0909704082
47.6	0.0846652492
47.7	0.0787971008
47.8	0.0733356737
47.9	0.0682527782
48	0.0635221781
48.1	0.6591194559
48.2	1.213435886
48.3	1.729332645
48.4	2.2094726
48.5	2.656334054
48.6	3.07222354
48.7	2.859287727
48.8	2.661110494
48.9	2.476668926
49	2.305011003
49.1	2.14525069
49.2	1.996563365
49.3	1.858181558
49.4	1.729390994
49.5	1.609526904
49.6	1.497970595
49.7	1.394146253
49.8	1.297517976
49.9	1.207587005
50	1.12388915
50.1	1.045992393
50.2	0.9734946601
50.3	0.9060217452
50.4	0.843225378
50.5	0.7847814271
50.6	0.7303882263
50.7	0.6797650184
50.8	0.632650505
50.9	0.5888014985
51	0.5479916666
51.1	0.5100103642
51.2	0.4746615458
51.3	0.4417627541
51.4	0.4111441776
51.5	0.3826477747
51.6	0.3561264574
51.7	0.3314433326
51.8	0.3084709953
51.9	0.2870908706
52	0.2671926023
52.1	0.2486734831
52.2	0.231437924
52.3	0.2153969614
52.4	0.200467798
52.5	0.186573375
52.6	0.1736419743
52.7	0.1616068491
52.8	0.1504058784
52.9	0.139981247
53	0.1302791467
53.1	0.1212494991
53.2	0.1128456963
53.3	0.1050243611
53.4	0.0977451226
53.5	0.0909704082
53.6	0.0846652492
53.7	0.0787971008
53.8	0.0733356737
53.9	0.0682527782
54	0.0635221781
54.1	0.6591194559
54.2	1.213435886
54.3	1.729332645
54.4	2.2094726
54.5	2.656334054
54.6	3.07222354
54.7	2.859287727
54.8	2.661110494
54.9	2.476668926
55	2.305011003
55.1	2.14525069
55.2	1.996563365
55.3	1.858181558
55.4	1.729390994
55.5	1.609526904
55.6	1.497970595
55.7	1.394146253
55.8	1.297517976
55.9	1.207587005
56	1.12388915
56.1	1.045992393
56.2	0.9734946601
56.3	0.9060217452
56.4	0.843225378
56.5	0.7847814271
56.6	0.7303882263
56.7	0.6797650184
56.8	0.632650505
56.9	0.5888014985
57	0.5479916666
57.1	0.5100103642
57.2	0.4746615458
57.3	0.4417627541
57.4	0.4111441776
57.5	0.3826477747
57.6	0.3561264574
57.7	0.3314433326
57.8	0.3084709953
57.9	0.2870908706
58	0.2671926023
58.1	0.2486734831
58.2	0.231437924
58.3	0.2153969614
58.4	0.200467798
58.5	0.186573375
58.6	0.1736419743
58.7	0.1616068491
58.8	0.1504058784
58.9	0.139981247
59	0.1302791467
59.1	0.1212494991
59.2	0.1128456963
59.3	0.1050243611
59.4	0.0977451226
59.5	0.0909704082
59.6	0.0846652492
59.7	0.0787971008
59.8	0.0733356737
59.9	0.0682527782
60	0.0635221781
60.1	0.6591194559
60.2	1.213435886
60.3	1.729332645
60.4	2.2094726
60.5	2.656334054
60.6	3.07222354
60.7	2.859287727
60.8	2.661110494
60.9	2.476668926
61	2.305011003
61.1	2.14525069
61.2	1.996563365
61.3	1.858181558
61.4	1.729390994
61.5	1.609526904
61.6	1.497970595
61.7	1.394146253
61.8	1.297517976
61.9	1.207587005
62	1.12388915
62.1	1.045992393
62.2	0.9734946601
62.3	0.9060217452
62.4	0.843225378
62.5	0.7847814271
62.6	0.7303882263
62.7	0.6797650184
62.8	0.632650505
62.9	0.5888014985
63	0.5479916666
63.1	0.5100103642
63.2	0.4746615458
63.3	0.4417627541
63.4	0.4111441776
63.5	0.3826477747
63.6	0.3561264574
63.7	0.3314433326
63.8	0.3084709953
63.9	0.2870908706
64	0.2671926023
64.1	0.2486734831
64.2	0.231437924
64.3	0.2153969614
64.4	0.200467798
64.5	0.186573375
64.6	0.1736419743
64.7	0.1616068491
64.8	0.1504058784
64.9	0.139981247
65	0.1302791467
65.1	0.1212494991
65.2	0.1128456963
65.3	0.1050243611
65.4	0.0977451226
65.5	0.0909704082
65.6	0.0846652492
65.7	0.0787971008
65.8	0.0733356737
65.9	0.0682527782
66	0.0635221781
66.1	0.6591194559
66.2	1.213435886
66.3	1.729332645
66.4	2.2094726
66.5	2.656334054
66.6	3.07222354
66.7	2.859287727
66.8	2.661110494
66.9	2.476668926
67	2.305011003
67.1	2.14525069
67.2	1.996563365
67.3	1.858181558
67.4	1.729390994
67.5	1.609526904
67.6	1.497970595
67.7	1.394146253
67.8	1.297517976
67.9	1.207587005
68	1.12388915
68.1	1.045992393
68.2	0.9734946601
68.3	0.9060217452
68.4	0.843225378
68.5	0.7847814271
68.6	0.7303882263
68.7	0.6797650184
68.8	0.632650505
68.9	0.5888014985
69	0.5479916666
69.1	0.5100103642
69.2	0.4746615458
69.3	0.4417627541
69.4	0.4111441776
69.5	0.3826477747
69.6	0.3561264574
69.7	0.3314433326
69.8	0.3084709953
69.9	0.2870908706
70	0.2671926023
70.1	0.2486734831
70.2	0.231437924
70.3	0.2153969614
70.4	0.200467798
70.5	0.186573375
70.6	0.1736419743
70.7	0.1616068491
70.8	0.1504058784
70.9	0.139981247
71	0.1302791467
71.1	0.1212494991
71.2	0.1128456963
71.3	0.1050243611
71.4	0.0977451226
71.5	0.0909704082
71.6	0.0846652492
71.7	0.0787971008
71.8	0.0733356737
71.9	0.0682527782
72	0.0635221781
72.1	0.6591194559
72.2	1.213435886
72.3	1.729332645
72.4	2.2094726
72.5	2.656334054
72.6	3.07222354
72.7	2.859287727
72.8	2.661110494
72.9	2.476668926
73	2.305011003
73.1	2.14525069
73.2	1.996563365
73.3	1.858181558
73.4	1.729390994
73.5	1.609526904
73.6	1.497970595
73.7	1.394146253
73.8	1.297517976
73.9	1.207587005
74	1.12388915
74.1	1.045992393
74.2	0.9734946601
74.3	0.9060217452
74.4	0.843225378
74.5	0.7847814271
74.6	0.7303882263
74.7	0.6797650184
74.8	0.632650505
74.9	0.5888014985
75	0.5479916666
75.1	0.5100103642
75.2	0.4746615458
75.3	0.4417627541
75.4	0.4111441776
75.5	0.3826477747
75.6	0.3561264574
75.7	0.3314433326
75.8	0.3084709953
75.9	0.2870908706
76	0.2671926023
76.1	0.2486734831
76.2	0.231437924
76.3	0.2153969614
76.4	0.200467798
76.5	0.186573375
76.6	0.1736419743
76.7	0.1616068491
76.8	0.1504058784
76.9	0.139981247
77	0.1302791467
77.1	0.1212494991
77.2	0.1128456963
77.3	0.1050243611
77.4	0.0977451226
77.5	0.0909704082
77.6	0.0846652492
77.7	0.0787971008
77.8	0.0733356737
77.9	0.0682527782
78	0.0635221781
78.1	0.6591194559
78.2	1.213435886
78.3	1.729332645
78.4	2.2094726
78.5	2.656334054
78.6	3.07222354
78.7	2.859287727
78.8	2.661110494
78.9	2.476668926
79	2.305011003
79.1	2.14525069
79.2	1.996563365
79.3	1.858181558
79.4	1.729390994
79.5	1.609526904
79.6	1.497970595
79.7	1.394146253
79.8	1.297517976
79.9	1.207587005
80	1.12388915
80.1	1.045992393
80.2	0.9734946601
80.3	0.9060217452
80.4	0.843225378
80.5	0.7847814271
80.6	0.7303882263
80.7	0.6797650184
80.8	0.632650505
80.9	0.5888014985
81	0.5479916666
81.1	0.5100103642
81.2	0.4746615458
81.3	0.4417627541
81.4	0.4111441776
81.5	0.3826477747
81.6	0.3561264574
81.7	0.3314433326
81.8	0.3084709953
81.9	0.2870908706
82	0.2671926023
82.1	0.2486734831
82.2	0.231437924
82.3	0.2153969614
82.4	0.200467798
82.5	0.186573375
82.6	0.1736419743
82.7	0.1616068491
82.8	0.1504058784
82.9	0.139981247
83	0.1302791467
83.1	0.1212494991
83.2	0.1128456963
83.3	0.1050243611
83.4	0.0977451226
83.5	0.0909704082
83.6	0.0846652492
83.7	0.0787971008
83.8	0.0733356737
83.9	0.0682527782
84	0.0635221781
84.1	0.6591194559
84.2	1.213435886
84.3	1.729332645
84.4	2.2094726
84.5	2.656334054
84.6	3.07222354
84.7	2.859287727
84.8	2.661110494
84.9	2.476668926
85	2.305011003
85.1	2.14525069
85.2	1.996563365
85.3	1.858181558
85.4	1.729390994
85.5	1.609526904
85.6	1.497970595
85.7	1.394146253
85.8	1.297517976
85.9	1.207587005
86	1.12388915
86.1	1.045992393
86.2	0.9734946601
86.3	0.9060217452
86.4	0.843225378
86.5	0.7847814271
86.6	0.7303882263
86.7	0.6797650184
86.8	0.632650505
86.9	0.5888014985
87	0.5479916666
87.1	0.5100103642
87.2	0.4746615458
87.3	0.4417627541
87.4	0.4111441776
87.5	0.3826477747
87.6	0.3561264574
87.7	0.3314433326
87.8	0.3084709953
87.9	0.2870908706
88	0.2671926023
88.1	0.2486734831
88.2	0.231437924
88.3	0.2153969614
88.4	0.200467798
88.5	0.186573375
88.6	0.1736419743
88.7	0.1616068491
88.8	0.1504058784
88.9	0.139981247
89	0.1302791467
89.1	0.1212494991
89.2	0.1128456963
89.3	0.1050243611
89.4	0.0977451226
89.5	0.0909704082
89.6	0.0846652492
89.7	0.0787971008
89.8	0.0733356737
89.9	0.0682527782
90	0.0635221781
90.1	0.6591194559
90.2	1.213435886
90.3	1.729332645
90.4	2.2094726
90.5	2.656334054
90.6	3.07222354
90.7	2.859287727
90.8	2.661110494
90.9	2.476668926
91	2.305011003
91.1	2.14525069
91.2	1.996563365
91.3	1.858181558
91.4	1.729390994
91.5	1.609526904
91.6	1.497970595
91.7	1.394146253
91.8	1.297517976
91.9	1.207587005
92	1.12388915
92.1	1.045992393
92.2	0.9734946601
92.3	0.9060217452
92.4	0.843225378
92.5	0.7847814271
92.6	0.7303882263
92.7	0.6797650184
92.8	0.632650505
92.9	0.5888014985
93	0.5479916666
93.1	0.5100103642
93.2	0.4746615458
93.3	0.4417627541
93.4	0.4111441776
93.5	0.3826477747
93.6	0.3561264574
93.7	0.3314433326
93.8	0.3084709953
93.9	0.2870908706
94	0.2671926023
94.1	0.2486734831
94.2	0.231437924
94.3	0.2153969614
94.4	0.200467798
94.5	0.186573375
94.6	0.1736419743
94.7	0.1616068491
94.8	0.1504058784
94.9	0.139981247
95	0.1302791467
95.1	0.1212494991
95.2	0.1128456963
95.3	0.1050243611
95.4	0.0977451226
95.5	0.0909704082
95.6	0.0846652492
95.7	0.0787971008
95.8	0.0733356737
95.9	0.0682527782
96	0.0635221781
96.1	0.6591194559
96.2	1.213435886
96.3	1.729332645
96.4	2.2094726
96.5	2.656334054
96.6	3.07222354
96.7	2.859287727
96.8	2.661110494
96.9	2.476668926
97	2.305011003
97.1	2.14525069
97.2	1.996563365
97.3	1.858181558
97.4	1.729390994
97.5	1.609526904
97.6	1.497970595
97.7	1.394146253
97.8	1.297517976
97.9	1.207587005
98	1.12388915
98.1	1.045992393
98.2	0.9734946601
98.3	0.9060217452
98.4	0.843225378
98.5	0.7847814271
98.6	0.7303882263
98.7	0.6797650184
98.8	0.632650505
98.9	0.5888014985
99	0.5479916666
99.1	0.5100103642
99.2	0.4746615458
99.3	0.4417627541
99.4	0.4111441776
99.5	0.3826477747
99.6	0.3561264574
99.7	0.3314433326
99.8	0.3084709953
99.9	0.2870908706
100	0.2671926023
100.1	0.2486734831
100.2	0.231437924
100.3	0.2153969614
100.4	0.200467798
100.5	0.186573375
100.6	0.1736419743
100.7	0.1616068491
100.8	0.1504058784
100.9	0.139981247
101	0.1302791467
101.1	0.1212494991
101.2	0.1128456963
101.3	0.1050243611
101.4	0.0977451226
101.5	0.0909704082
101.6	0.0846652492
101.7	0.0787971008
101.8	0.0733356737
101.9	0.0682527782
102	0.0635221781
102.1	0.6591194559
102.2	1.213435886
102.3	1.729332645
102.4	2.2094726
102.5	2.656334054
102.6	3.07222354
102.7	2.859287727
102.8	2.661110494
102.9	2.476668926
103	2.305011003
103.1	2.14525069
103.2	1.996563365
103.3	1.858181558
103.4	1.729390994
103.5	1.609526904
103.6	1.497970595
103.7	1.394146253
103.8	1.297517976
103.9	1.207587005
104	1.12388915
104.1	1.045992393
104.2	0.9734946601
104.3	0.9060217452
104.4	0.843225378
104.5	0.7847814271
104.6	0.7303882263
104.7	0.6797650184
104.8	0.632650505
104.9	0.5888014985
105	0.5479916666
105.1	0.5100103642
105.2	0.4746615458
105.3	0.4417627541
105.4	0.4111441776
105.5	0.3826477747
105.6	0.3561264574
105.7	0.3314433326
105.8	0.3084709953
105.9	0.2870908706
106	0.2671926023
106.1	0.2486734831
106.2	0.231437924
106.3	0.2153969614
106.4	0.200467798
106.5	0.186573375
106.6	0.1736419743
106.7	0.1616068491
106.8	0.1504058784
106.9	0.139981247
107	0.1302791467
107.1	0.1212494991
107.2	0.1128456963
107.3	0.1050243611
107.4	0.0977451226
107.5	0.0909704082
107.6	0.0846652492
107.7	0.0787971008
107.8	0.0733356737
107.9	0.0682527782
108	0.0635221781
108.1	0.6591194559
108.2	1.213435886
108.3	1.729332645
108.4	2.2094726
108.5	2.656334054
108.6	3.07222354
108.7	2.859287727
108.8	2.661110494
108.9	2.476668926
109	2.305011003
109.1	2.14525069
109.2	1.996563365
109.3	1.858181558
109.4	1.729390994
109.5	1.609526904
109.6	1.497970595
109.7	1.394146253
109.8	1.297517976
109.9	1.207587005
110	1.12388915
110.1	1.045992393
110.2	0.9734946601
110.3	0.9060217452
110.4	0.843225378
110.5	0.7847814271
110.6	0.7303882263
110.7	0.6797650184
110.8	0.632650505
110.9	0.5888014985
111	0.5479916666
111.1	0.5100103642
111.2	0.4746615458
111.3	0.4417627541
111.4	0.4111441776
111.5	0.3826477747
111.6	0.3561264574
111.7	0.3314433326
111.8	0.3084709953
111.9	0.2870908706
112	0.2671926023
112.1	0.2486734831
112.2	0.231437924
112.3	0.2153969614
112.4	0.200467798
112.5	0.186573375
112.6	0.1736419743
112.7	0.1616068491
112.8	0.1504058784
112.9	0.139981247
113	0.1302791467
113.1	0.1212494991
113.2	0.1128456963
113.3	0.1050243611
113.4	0.0977451226
113.5	0.0909704082
113.6	0.0846652492
113.7	0.0787971008
113.8	0.0733356737
113.9	0.0682527782
114	0.0635221781
114.1	0.6591194559
114.2	1.213435886
114.3	1.729332645
114.4	2.2094726
114.5	2.656334054
114.6	3.07222354
114.7	2.859287727
114.8	2.661110494
114.9	2.476668926
115	2.305011003
115.1	2.14525069
115.2	1.996563365
115.3	1.858181558
115.4	1.729390994
115.5	1.609526904
115.6	1.497970595
115.7	1.394146253
115.8	1.297517976
115.9	1.207587005
116	1.12388915
116.1	1.045992393
116.2	0.9734946601
116.3	0.9060217452
116.4	0.843225378
116.5	0.7847814271
116.6	0.7303882263
116.7	0.6797650184
116.8	0.632650505
116.9	0.5888014985
117	0.5479916666
117.1	0.5100103642
117.2	0.4746615458
117.3	0.4417627541
117.4	0.4111441776
117.5	0.3826477747
117.6	0.3561264574
117.7	0.3314433326
117.8	0.3084709953
117.9	0.2870908706
118	0.2671926023
118.1	0.2486734831
118.2	0.231437924
118.3	0.2153969614
118.4	0.200467798
118.5	0.186573375
118.6	0.1736419743
118.7	0.1616068491
118.8	0.1504058784
118.9	0.139981247
119	0.1302791467
119.1	0.1212494991
119.2	0.1128456963
119.3	0.1050243611
119.4	0.0977451226
119.5	0.0909704082
119.6	0.0846652492
119.7	0.0787971008
119.8	0.0733356737
119.9	0.0682527782
120	0.0635221781
120.1	0.0591194559
